#    4.015 -32.086  74.406 ;Mean Elev.(m), Avg Gradient(m/km), RMS Gradient(m/km) - SRTM1     
#    1.744 -32.160  74.247 ;Mean Elev.(m), Avg Gradient(m/km), RMS Gradient(m/km) - ASTER GDEM
#   11.987 -33.602  77.398 ;Mean Elev.(m), Avg Gradient(m/km), RMS Gradient(m/km) - GMTED2010 
 15 237.758320  45.553122     5.192     5.179  4 52723.78064378 19.989
 21 237.747212  45.550304     5.642     5.456  4 52933.78070501 21.875
 32 237.763501  45.551906     7.063     6.787  4 53318.78072100 30.446
 34 237.761684  45.551905     6.226     4.813  3 53388.78068734 28.781
 38 237.762222  45.552770     8.214     8.293  4 53528.78075373 14.411
 50 237.746128  45.550956    11.806    11.912  4 53948.78073239 13.566
 76 237.765844  45.553803     8.165     8.165  2 54858.78055074 16.297
 80 237.754569  45.552161     8.130     8.182  4 54998.78060857 17.798
 84 237.758071  45.552627     6.746     6.668  3 55138.78053269 13.243
 87 237.761520  45.552291     8.183     8.356  3 55243.78049840 17.615
