#    0.071 -33.683  59.369 ;Mean Elev.(m), Avg Gradient(m/km), RMS Gradient(m/km) - SRTM1     
#    0.404 -33.055  59.642 ;Mean Elev.(m), Avg Gradient(m/km), RMS Gradient(m/km) - ASTER GDEM
#    5.976 -32.001  59.617 ;Mean Elev.(m), Avg Gradient(m/km), RMS Gradient(m/km) - GMTED2010 
  7 236.499230  46.251446   -27.590   -27.650 12 52448.23483494 26.620
  8 236.510445  46.248828     3.708     3.722 16 52483.23482244 20.907
  9 236.511573  46.266073     1.781     1.865  4 52518.23478355 14.758
 10 236.499021  46.252564     2.193     1.785 12 52553.23483124 24.653
 12 236.511784  46.263717     4.665     3.773  5 52623.23476823 27.675
 13 236.513094  46.248291     6.308     5.489 15 52658.23478156 36.543
 15 236.514368  46.247979     0.645     0.667 15 52728.23480243 50.018
 16 236.506482  46.254412     6.162     7.281 12 52763.23481677 38.873
 17 236.511233  46.248452     6.053     5.512 15 52798.23478713 17.663
 18 236.510591  46.249794     3.707     3.229 14 52833.23485796 27.739
 19 236.511662  46.261904     1.714     1.060  7 52868.23490264 19.717
 20 236.512915  46.249574     4.944     4.905 15 52903.23491518 20.020
 21 236.511938  46.266439     0.393     0.387  5 52938.23485566 24.815
 22 236.506162  46.250771     6.487     6.771 14 52973.23488741 35.056
 23 236.506326  46.250749     4.724     4.959 13 53008.23489606 40.771
 24 236.501737  46.252258     5.265     5.299 13 53043.23485364 35.942
 25 236.508018  46.250755     7.032     6.272 14 53078.23488635 24.007
 26 236.498655  46.251668     3.578     3.162 12 53113.23485732 36.076
 27 236.505144  46.251419     2.765     2.374 13 53148.23490203 26.133
 28 236.511104  46.263267     3.612     3.245  6 53183.23490294 19.950
 29 236.511874  46.248491     2.650     2.374 15 53218.23492437 19.580
 30 236.513372  46.249559     4.534     3.831 15 53253.23490220 20.441
 31 236.497657  46.251646     6.109     6.080 11 53288.23490441 32.547
 32 236.511843  46.266034     0.938     1.046  5 53323.23488247 28.871
 33 236.514708  46.266828     2.792     2.898  5 53358.23484682 17.594
 34 236.503966  46.251464     0.394     0.348 13 53393.23486013 43.735
 35 236.512410  46.265984     2.323     1.908  5 53428.23485702 30.025
 36 236.507798  46.251804     6.561     6.215 14 53463.23487383 34.486
 37 236.502403  46.250485     6.803     6.698 13 53498.23494435 37.035
 38 236.511447  46.261894     2.558     1.790  7 53533.23492885 17.215
 39 236.506312  46.251740     2.146     2.162 14 53568.23494507 30.219
 40 236.511903  46.266312    -1.327    -1.436  4 53603.23489317 22.645
 41 236.502237  46.251266     2.807     2.229 12 53638.23488887 29.658
 42 236.504410  46.250745     5.091     5.434 13 53673.23490905 26.998
 43 236.515338  46.267233     1.033     1.164  5 53708.23484315 26.345
 44 236.517517  46.267388     3.830     4.177  5 53743.23475405 22.189
 45 236.511697  46.259241     5.183     4.160  9 53778.23477985 34.280
 46 236.516141  46.266171     1.321     1.473  4 53813.23475602 18.223
 47 236.503175  46.250481     7.832     7.287 13 53848.23480989 32.993
 49 236.502418  46.251656     3.335     3.313 13 53918.23489165 22.628
 50 236.502954  46.250371     4.281     4.069 13 53953.23489418 30.484
 52 236.507367  46.249820     1.768     1.876 14 54023.23487392 39.409
 53 236.511667  46.265837     0.168     0.156  5 54058.23486904 16.965
 54 236.511175  46.265421     2.841     2.351  5 54093.23484930 20.313
 55 236.505537  46.250886     6.343     6.104 13 54128.23478455 24.998
 56 236.511776  46.250249    -0.106    -0.115 15 54163.23481616 51.468
 57 236.506768  46.251121     5.883     5.311 14 54198.23478684 22.084
 58 236.510523  46.249583     5.732     5.600 15 54233.23482989 20.464
 59 236.512872  46.249137     2.811     2.499 16 54268.23484868 18.413
 60 236.512946  46.249503     3.198     3.295 15 54303.23485232 30.230
 61 236.513085  46.254673     2.586     2.143 11 54338.23483865 22.942
 62 236.510497  46.247930    -0.037     0.187 15 54373.23478538 38.062
 63 236.512287  46.249259     3.632     3.627 15 54408.23478305 27.844
 64 236.505123  46.250944     5.766     5.117 14 54443.23474682 35.734
 65 236.512967  46.249501     2.584     2.310 16 54478.23477245 41.550
 66 236.506187  46.251393     6.871     7.006 14 54513.23476191 38.663
 67 236.514509  46.248977     6.968     6.926 15 54548.23478608 36.421
 68 236.512060  46.249067     6.965     6.782 16 54583.23475733 36.178
 69 236.511865  46.249748     6.636     5.923 15 54618.23477778 17.773
 70 236.510209  46.250259     2.618     2.156 15 54653.23478965 26.768
 71 236.513818  46.250488     2.448     2.415 15 54688.23477889 23.921
 72 236.506282  46.251359     3.027     2.598 14 54723.23473781 37.662
 73 236.512377  46.249062     3.309     2.844 16 54758.23475413 37.589
 74 236.503095  46.252393     6.382     6.239 13 54793.23473110 23.057
 75 236.511288  46.248670     0.284    -0.073 15 54828.23475260 49.844
 76 236.507273  46.250643     4.849     5.067 14 54863.23472503 34.402
 77 236.512276  46.249170     5.757     5.560 15 54898.23475232 22.224
 78 236.507409  46.250363     5.504     5.710 14 54933.23471973 35.725
 79 236.511794  46.248647     5.998     5.525 15 54968.23475384 18.292
 81 236.513735  46.248231     3.141     2.938 15 55038.23476009 21.013
 82 236.513028  46.254168     4.464     4.235 12 55073.23474681 20.163
 83 236.506219  46.251178     2.507     1.976 14 55108.23469310 31.617
 84 236.512179  46.249151     4.776     4.931 15 55143.23469693 28.824
 85 236.505483  46.250767     6.073     6.384 13 55178.23466557 37.733
 86 236.511725  46.250232     5.067     4.859 15 55213.23469192 33.649
 87 236.509140  46.249338     6.381     6.251 14 55248.23466552 36.269
 88 236.512958  46.249489     6.672     6.462 15 55283.23468551 32.135
 89 236.510947  46.248689     5.451     5.466 15 55318.23465575 18.118
 90 236.513262  46.248950     4.576     4.463 15 55353.23465822 31.288
 91 236.505186  46.251343     2.958     2.679 13 55388.23465614 23.565
 92 236.513022  46.249644     1.828     1.720 15 55423.23467604 20.482
 93 236.511001  46.263121     1.435     1.495  6 55458.23465065 26.189
