-120262.561   152.796     0.00   18.60
-119890.344   158.856    16.28   20.91
-119518.162   167.939    24.41   19.21
-119146.015   176.933    24.17   11.37
-118773.903   178.001     2.87    9.32
-118401.827   175.546    -6.60   11.79
-118029.785   173.492    -5.52   12.37
-117657.780   173.436    -0.15   12.40
-117285.809   172.760    -1.82   11.53
-116913.874   171.328    -3.85   11.45
-116541.973   169.152    -5.85   10.38
-116170.108   167.046    -5.66    8.18
-115798.278   165.933    -2.99    7.87
-115426.484   162.171   -10.12    8.02
-115054.724   159.850    -6.24    9.12
-114683.000   157.367    -6.68    8.15
-114311.311   156.183    -3.19    6.16
-113939.657   155.887    -0.79    5.67
-113568.038   155.742    -0.39    5.32
-113196.454   154.801    -2.53    4.86
-112824.905   152.710    -5.63    4.56
-112453.392   151.010    -4.58    4.77
-112081.913   151.928     2.47    8.66
-111710.470   160.837    23.99   19.81
-111339.061   174.546    36.91   24.27
-110967.688   190.038    41.72   20.93
-110596.349   199.957    26.71   11.92
-110225.046   201.992     5.48    9.61
-109853.778   204.778     7.51    8.94
-109482.544   203.617    -3.13    8.92
-109111.346   199.103   -12.16   11.83
-108740.183   192.707   -17.23   13.96
-108369.054   186.529   -16.65   13.36
-107997.961   183.892    -7.11   13.32
-107626.902   180.416    -9.37   13.33
-107255.878   181.584     3.15   13.26
-106884.890   184.626     8.20   12.79
-106513.936   187.724     8.35   14.18
-106143.017   187.510    -0.58   14.58
-105766.637   181.028   -17.22   21.35
-105388.654   167.910   -34.71   28.48
-105010.707   149.874   -47.73   29.77
-104632.797   135.117   -39.05   24.23
-104254.923   125.376   -25.78   13.11
-103877.085   130.617    13.87   18.71
-103499.284   140.284    25.59   21.96
-103121.519   149.454    24.28   21.52
-102743.790   152.921     9.18   19.89
-102366.097   155.474     6.76   17.32
-101988.441   161.046    14.76   12.49
-101610.820   165.702    12.33   10.84
-101233.236   167.510     4.79   11.05
-100855.688   168.401     2.36   11.56
-100478.177   167.349    -2.79   10.17
-100100.701   168.637     3.41    9.79
 -99723.262   169.121     1.28    9.65
 -99345.859   170.256     3.01    8.53
 -98968.491   174.549    11.38   12.67
 -98591.160   184.778    27.11   20.91
 -98213.865   195.251    27.76   24.49
 -97836.607   199.260    10.63   23.14
 -97459.384   199.640     1.01   18.70
 -97082.197   213.227    36.03   34.77
 -96705.046   258.028   118.80   84.12
 -96327.932   326.138   180.62  104.46
 -95950.853   407.332   215.34  101.47
 -95573.810   481.103   195.68   90.35
 -95196.804   523.189   111.64   79.53
 -94819.833   534.224    29.28   76.89
 -94442.899   522.047   -32.31   90.23
 -94066.000   505.135   -44.88   82.27
 -93689.137   515.799    28.30   81.89
 -93312.310   543.346    73.11   71.28
 -92935.520   557.862    38.53   63.18
 -92558.765   570.796    34.33   54.56
 -92182.046   581.165    27.53   63.02
 -91805.362   613.367    85.50   74.56
 -91428.715   670.728   152.31   77.65
 -91052.104   709.569   103.14   47.58
 -90675.528   694.885   -39.00   58.75
 -90298.988   653.133  -110.89   71.67
 -89922.485   586.278  -177.58   86.00
 -89546.016   511.751  -197.98   89.82
 -89169.584   469.760  -111.56   67.85
 -88793.188   471.689     5.12   70.23
 -88416.827   528.586   151.19   93.66
 -88040.502   605.074   203.27   92.99
 -87664.213   656.680   137.16   81.53
 -87287.960   681.635    66.33   90.83
 -86911.742   687.001    14.26   93.54
 -86535.560   699.906    34.31   84.37
 -86159.414   731.671    84.45   78.23
 -85783.303   758.566    71.51   77.59
 -85407.228   790.189    84.09   68.30
 -85031.189   788.799    -3.70   85.38
 -84655.186   744.440  -117.98   98.32
 -84279.218   672.019  -192.64   89.60
 -83903.286   618.653  -141.97   73.31
 -83527.389   591.892   -71.20   64.56
 -83151.528   575.418   -43.83   77.13
 -82775.703   559.856   -41.41   92.52
 -82399.913   538.972   -55.58  103.71
 -82024.159   516.814   -58.97   74.23
 -81648.440   518.529     4.57   63.98
 -81272.757   565.296   124.50   80.30
 -80897.110   632.436   178.75   69.10
 -80521.498   660.765    75.43   57.45
 -80145.921   646.635   -37.62   70.45
 -79770.380   611.933   -92.41   73.52
 -79394.875   569.582  -112.79   59.78
 -79019.405   546.606   -61.20   66.27
 -78643.970   529.195   -46.38   67.38
 -78268.571   489.232  -106.46   62.43
 -77893.208   448.661  -108.09   47.92
 -77517.880   421.117   -73.39   37.54
 -77142.587   403.189   -47.77   28.15
 -76767.330   382.237   -55.84   32.51
 -76392.108   361.824   -54.41   46.37
 -76016.921   321.383  -107.80   53.26
 -75641.770   282.189  -104.48   34.35
 -75266.654   260.278   -58.42   16.79
 -74891.574   250.265   -26.70    9.24
 -74516.529   245.328   -13.16    8.32
 -74141.519   245.677     0.93   10.66
 -73766.545   252.642    18.58   17.36
 -73391.606   260.314    20.46   18.59
 -73016.702   263.000     7.17   17.85
 -72641.833   256.957   -16.12   21.08
 -72267.000   245.837   -29.67   23.78
 -71892.202   234.028   -31.51   21.75
 -71517.439   223.867   -27.11   16.55
 -71142.712   219.640   -11.28   10.35
 -70768.019   217.474    -5.78    6.76
 -70393.362   217.664     0.51    6.73
 -70018.741   219.677     5.37   10.38
 -69644.154   221.619     5.19   13.71
 -69269.602   227.801    16.51   18.90
 -68895.086   240.965    35.15   27.23
 -68520.605   247.474    17.38   31.01
 -68146.159   249.232     4.70   35.87
 -67771.748   254.269    13.45   42.22
 -67397.372   252.710    -4.17   45.41
 -67023.032   252.837     0.34   48.94
 -66648.726   247.082   -15.38   47.64
 -66274.456   233.491   -36.31   44.07
 -65900.220   219.314   -37.89   34.61
 -65526.020   208.788   -28.13   22.08
 -65151.855   211.936     8.41   26.16
 -64777.724   216.546    12.32   26.16
 -64403.629   215.687    -2.30   28.83
 -64029.569   196.383   -51.61   40.67
 -63655.544   169.914   -70.77   47.56
 -63281.554   186.492    44.33   60.31
 -62907.598   204.066    47.00   62.35
 -62533.678   234.623    81.73   51.38
 -62159.793   270.983    97.25   33.61
 -61785.943   287.237    43.48   38.32
 -61412.127   316.714    78.86   35.69
 -61038.347   332.843    43.16   26.48
 -60664.601   332.710    -0.36   27.12
 -60290.891   323.587   -24.41   33.18
 -59917.215   303.292   -54.32   34.92
 -59543.574   283.084   -54.09   28.81
 -59169.968   266.957   -43.17   23.66
 -58796.397   254.047   -34.56   19.51
 -58422.860   245.783   -22.13   21.99
 -58049.359   228.564   -46.10   25.33
 -57675.892   214.818   -36.81   27.31
 -57302.460   210.707   -11.01   26.51
 -56929.063   213.299     6.94   29.44
 -56555.701   235.474    59.40   39.90
 -56182.374   269.303    90.62   34.60
 -55809.081   284.779    41.46   27.68
 -55435.823   287.328     6.83   20.15
 -55062.600   281.047   -16.83   24.74
 -54689.411   265.171   -42.54   25.99
 -54316.257   250.510   -39.29   22.68
 -53943.138   245.983   -12.13   25.26
 -53570.054   240.472   -14.77   31.51
 -53197.004   236.653   -10.24   37.02
 -52823.989   232.982    -9.84   38.51
 -52451.009   219.278   -36.74   34.16
 -52078.063   214.732   -12.19   29.96
 -51705.152   210.965   -10.10   31.05
 -51332.275   220.237    24.87   41.84
 -50959.434   231.183    29.36   52.69
 -50586.626   245.546    38.53   65.37
 -50213.854   276.145    82.09   66.17
 -49841.116   293.421    46.35   56.29
 -49468.412   299.472    16.24   33.34
 -49095.743   277.856   -58.01   42.11
 -48723.109   247.955   -80.25   36.21
 -48350.509   235.566   -33.25   26.27
 -47977.944   234.437    -3.03   23.57
 -47605.413   243.158    23.41   26.82
 -47232.916   253.751    28.44   22.32
 -46860.455   242.918   -29.09   33.68
 -46488.027   219.695   -62.36   45.21
 -46115.634   201.068   -50.02   35.83
 -45743.276   194.256   -18.30   25.57
 -45370.952   200.471    16.69   23.60
 -44998.662   204.421    10.61   20.84
 -44626.407   195.899   -22.89   23.40
 -44254.186   193.603    -6.17   27.75
 -43882.000   191.564    -5.48   32.87
 -43509.848   190.718    -2.27   31.13
 -43137.731   190.082    -1.71   27.47
 -42765.647   186.068   -10.79   23.47
 -42393.599   178.343   -20.76   23.11
 -42021.584   172.785   -14.94   24.44
 -41649.604   168.110   -12.57   20.39
 -41277.658   168.869     2.04   16.01
 -40905.747   174.092    14.05   15.90
 -40533.869   183.325    24.83   14.94
 -40162.026   191.474    21.92   17.60
 -39790.218   195.982    12.13   17.83
 -39418.443   199.397     9.19   17.60
 -39046.703   202.710     8.91   13.52
 -38674.997   208.991    16.90   11.21
 -38303.326   213.099    11.05   11.72
 -37931.688   223.114    26.95   17.40
 -37560.085   237.814    39.56   22.04
 -37188.516   259.454    58.24   32.72
 -36816.981   285.001    68.76   34.86
 -36445.480   310.135    67.66   36.00
 -36074.014   333.843    63.83   37.57
 -35702.581   368.310    92.80   47.48
 -35331.183   398.567    81.47   46.24
 -34959.819   416.546    48.42   37.38
 -34588.489   403.902   -34.05   50.43
 -34217.193   371.140   -88.24   55.54
 -33845.931   333.812  -100.55   46.78
 -33474.704   302.028   -85.62   36.65
 -33103.510   285.472   -44.60   28.07
 -32732.351   287.028     4.19   24.47
 -32361.225   302.362    41.32   37.19
 -31990.134   333.010    82.59   48.46
 -31619.076   380.707   128.55   56.00
 -31248.053   420.883   108.29   48.02
 -30871.975   428.674    20.72   49.47
 -30494.067   415.029   -36.11   64.01
 -30116.194   379.418   -94.25   62.52
 -29738.357   363.640   -41.76   59.35
 -29360.555   370.529    18.24   57.22
 -28982.788   372.367     4.87   51.96
 -28605.057   371.714    -1.73   51.31
 -28227.361   353.899   -47.17   58.56
 -27849.700   337.922   -42.31   65.04
 -27472.075   348.566    28.19   59.77
 -27094.485   345.436    -8.29   43.78
 -26716.930   332.728   -33.66   43.67
 -26339.410   294.177  -102.12   59.07
 -25961.926   249.095  -119.43   63.65
 -25584.477   199.910  -130.31   56.40
 -25207.063   162.722   -98.54   38.28
 -24829.684   161.619    -2.92   34.36
 -24452.341   189.269    73.28   54.49
 -24075.032   228.474   103.91   70.93
 -23697.759   303.491   198.84   81.97
 -23320.521   377.661   196.62   88.30
 -22943.319   440.117   165.58   76.01
 -22566.151   464.548    64.78   54.92
 -22189.018   442.778   -57.73   72.10
 -21811.921   402.973  -105.56   76.53
 -21434.859   364.992  -100.73   72.67
 -21057.832   334.437   -81.04   71.90
 -20680.839   301.699   -86.84   66.54
 -20303.882   260.292  -109.85   66.26
 -19926.960   221.303  -103.44   58.82
 -19550.073   194.332   -71.56   45.77
 -19173.222   192.856    -3.92   50.89
 -18796.405   213.586    55.01   66.02
 -18419.623   236.224    60.09   65.16
 -18042.876   244.397    21.69   52.63
 -17666.164   222.332   -58.57   52.02
 -17289.487   200.972   -56.71   41.25
 -16912.845   199.856    -2.96   39.49
 -16536.238   221.843    58.39   57.04
 -16159.666   262.963   109.20   71.96
 -15783.129   329.292   176.16   85.26
 -15406.627   380.869   136.99   75.75
 -15030.160   422.601   110.85   50.60
 -14653.728   433.347    28.55   38.93
 -14277.330   398.674   -92.12   60.62
 -13900.967   347.661  -135.54   66.77
 -13524.640   294.419  -141.48   63.85
 -13148.347   260.529   -90.06   42.62
 -12772.089   254.918   -14.92   49.17
 -12395.866   267.325    32.98   56.85
 -12019.677   277.741    27.69   50.54
 -11643.524   246.492   -83.08   69.91
 -11267.405   187.825  -155.98   92.42
 -10891.321   133.332  -144.90   82.58
 -10515.272    96.435   -98.12   50.58
 -10139.257    99.788     8.92   55.24
  -9763.277   136.099    96.58   69.40
  -9387.332   194.750   156.01   50.55
  -9011.422   245.692   135.52   62.09
  -8635.547   300.718   146.39   69.78
  -8259.706   366.437   174.86   79.66
  -7883.900   421.899   147.58   67.72
  -7508.128   449.862    74.42   53.08
  -7132.391   451.689     4.86   49.18
  -6756.689   427.963   -63.15   46.59
  -6381.022   395.796   -85.63   49.20
  -6005.389   361.824   -90.44   45.82
  -5629.791   326.047   -95.25   48.75
  -5254.227   288.362  -100.34   47.71
  -4878.698   252.982   -94.21   45.89
  -4503.204   222.546   -81.05   43.78
  -4127.744   199.076   -62.51   41.81
  -3752.318   191.110   -21.22   44.25
  -3376.928   176.530   -38.84   50.99
  -3001.572   166.492   -26.74   51.29
  -2626.250   146.416   -53.49   49.96
  -2250.963   121.957   -65.17   43.63
  -1875.710   101.303   -55.04   46.24
  -1500.492    75.455   -68.89   46.52
  -1125.308    44.973   -81.24   41.78
   -750.159    18.741   -69.92   21.22
   -375.045     7.528   -29.89   13.98
      0.036     0.510   -18.71    6.72
    375.081    -1.311    -4.86    0.69
    750.093    -0.657     1.75    1.94
   1125.070     0.201     2.29    2.75
   1500.012     1.349     3.06    3.28
   1874.920     2.126     2.07    3.24
   2249.794     2.099    -0.07    3.08
   2624.633     2.549     1.20    3.17
   2999.438     2.328    -0.59    3.26
   3374.209     3.718     3.71    4.87
   3748.945     6.414     7.20    6.36
   4123.647    10.117     9.88    7.55
   4498.315    14.076    10.57    8.73
   4872.948    26.001    31.83   26.87
   5247.548    50.395    65.12   48.22
   5622.112    86.214    95.63   66.38
   5996.643   128.890   113.95   67.38
   6371.139   155.510    71.08   51.68
   6745.601   167.677    32.49   33.32
   7120.029   163.437   -11.32   27.91
   7494.422   154.222   -24.61   29.74
   7868.782   155.640     3.79   24.80
   8243.107   153.019    -7.00   23.85
   8617.398   147.799   -13.95   23.95
   8991.654   134.671   -35.08   27.77
   9365.877   114.222   -54.64   28.32
   9740.065   102.028   -32.59   24.71
  10114.219    91.397   -28.41   22.00
  10488.339    83.566   -20.93   20.07
  10862.425    78.528   -13.47   20.11
  11236.477    73.340   -13.87   21.84
  11610.495    62.671   -28.53   18.23
  11984.479    54.810   -21.02   15.27
  12358.428    48.674   -16.41   13.77
  12732.344    44.529   -11.08   12.27
  13106.225    41.472    -8.18    9.81
  13480.072    39.242    -5.97    6.44
  13853.886    38.699    -1.45    4.74
  14227.665    38.383    -0.85    4.16
  14601.410    38.586     0.54    4.14
  14975.122    38.158    -1.14    4.49
  15348.799    38.406     0.66    4.69
  15722.442    37.456    -2.54    5.76
  16096.051    36.359    -2.93    6.05
  16469.627    35.801    -1.49    6.96
  16843.168    34.435    -3.66    7.96
  17216.676    34.201    -0.63    8.93
  17590.149    33.510    -1.85    9.74
  17963.589    32.095    -3.79   11.48
  18336.994    28.837    -8.72   12.22
  18710.366    25.510    -8.91   12.64
  19083.704    23.849    -4.45   12.83
  19457.008    23.049    -2.15   13.14
  19830.278    23.457     1.09   14.60
  20203.515    24.640     3.17   15.70
  20576.717    24.751     0.30   15.15
  20949.886    24.242    -1.36   14.24
  21323.021    24.000    -0.65   13.96
  21696.122    26.328     6.24   16.95
  22069.189    34.010    20.59   26.86
  22442.222    41.288    19.51   33.84
  22815.222    45.760    11.99   34.95
  23188.188    44.843    -2.46   27.08
  23561.120    47.195     6.31   25.32
  23934.018    49.992     7.50   25.88
  24306.883    47.528    -6.61   25.02
  24679.714    47.376    -0.41   23.64
  25052.511    53.095    15.34   23.83
  25425.275    62.589    25.47   30.51
  25798.005    75.843    35.56   29.71
  26170.701    85.642    26.29   26.91
  26543.363    91.153    14.79   24.04
  26915.992   103.793    33.92   26.22
  27288.587   126.296    60.39   39.23
  27661.149   167.114   109.56   56.02
  28033.677   211.925   120.29   61.59
  28406.171   264.492   141.12   57.89
  28778.632   307.451   115.34   47.81
  29151.059   345.177   101.29   44.43
  29523.453   374.275    78.14   37.25
  29895.813   384.399    27.19   46.02
  30268.139   388.642    11.40   53.92
  30640.432   394.164    14.83   56.04
  31012.691   397.314     8.46   51.75
  31384.917   400.246     7.88   43.07
  31757.110   395.310   -13.26   36.63
  32129.268   387.661   -20.55   31.24
  32501.394   377.066   -28.47   30.88
  32873.485   364.885   -32.73   25.73
  33245.544   359.256   -15.13   24.07
  33617.569   348.982   -27.61   27.40
  33989.560   334.728   -38.32   31.76
  34361.518   321.284   -36.14   26.25
  34733.443   313.153   -21.86   27.71
  35105.334   301.098   -32.41   31.00
  35477.192   287.645   -36.18   30.26
  35849.016   272.548   -40.60   31.87
  36220.807   255.189   -46.69   29.42
  36592.565   234.546   -55.53   28.50
  36964.289   220.010   -39.10   21.29
  37335.980   209.778   -27.53   17.18
  37707.637   197.774   -32.30   18.22
  38079.261   181.732   -43.17   28.46
  38450.852   158.232   -63.24   37.18
  38822.410   136.755   -57.80   38.34
  39193.934   117.457   -51.94   32.79
  39565.425   102.214   -41.03   29.44
  39936.883    93.737   -22.82   24.03
  40308.307    85.373   -22.52   19.21
  40679.698    75.869   -25.59   11.77
  41051.056    67.110   -23.58    8.07
  41422.381    62.418   -12.64    6.29
  41793.673    59.510    -7.83    5.27
  42164.931    57.292    -5.97    4.39
  42536.156    55.906    -3.73    3.86
  42907.348    55.292    -1.66    4.30
  43278.506    54.869    -1.14    7.05
  43649.632    55.321     1.22    8.92
  44025.478    52.874    -6.51    5.95
  44403.311    51.804    -2.83    3.65
  44781.110    51.707    -0.26    4.19
  45158.874    51.189    -1.37    4.14
  45536.604    51.546     0.95    4.08
  45914.299    52.092     1.44    3.10
  46291.960    52.195     0.27    2.10
  46669.587    52.219     0.06    2.37
  47047.179    52.710     1.30    2.45
  47424.737    53.367     1.74    2.56
  47802.260    53.714     0.92    2.48
  48179.749    54.103     1.03    1.91
  48557.204    53.028    -2.85    2.56
  48934.624    52.471    -1.48    2.51
  49312.010    52.528     0.15    2.59
  49689.362    53.227     1.85    2.98
  50066.680    54.010     2.08    2.36
  50443.963    53.455    -1.47    4.86
  50821.212    49.779    -9.74    7.93
  51198.426    44.439   -14.16    9.25
  51575.607    38.914   -14.65    7.46
  51952.753    36.121    -7.40    3.04
  52329.865    35.587    -1.42    2.33
  52706.943    37.982     6.35    5.72
  53083.986    40.121     5.67    6.95
  53460.995    41.876     4.65    7.49
  53837.970    45.365     9.26    7.18
  54214.911    46.963     4.24    6.60
  54591.818    48.103     3.02    5.07
  54968.691    47.824    -0.74    5.07
  55345.529    45.414    -6.39    4.71
  55722.333    44.399    -2.69    3.75
  56099.104    45.492     2.90    5.14
  56475.840    51.133    14.97    9.03
  56852.542    60.373    24.53   14.44
  57229.210    67.084    17.82   13.19
  57605.843    69.883     7.43   11.30
  57982.443    66.321    -9.46   12.77
  58359.009    59.529   -18.04    8.94
  58735.540    57.862    -4.43    6.52
  59112.038    57.472    -1.04    7.49
  59488.502    62.491    13.33   12.74
  59864.931    73.529    29.32   22.79
  60241.327    86.395    34.18   30.04
  60617.688   102.128    41.80   33.21
  60994.016   118.914    44.60   33.57
  61370.310   131.796    34.23   37.80
  61746.569   145.529    36.50   39.78
  62122.795   165.661    53.51   40.34
  62498.987   186.732    56.01   39.10
  62875.145   208.628    58.20   35.39
  63251.269   230.439    57.98   25.44
  63627.359   240.529    26.83   22.91
  64003.415   245.165    12.33   30.67
  64379.437   249.103    10.47   36.01
  64755.426   258.303    24.47   36.64
  65131.380   274.601    43.35   35.97
  65507.301   288.390    36.68   34.24
  65883.188   309.153    55.23   33.21
  66259.041   336.260    72.12   36.05
  66634.860   356.037    52.62   34.17
  67010.646   356.146     0.29   42.30
  67386.397   336.246   -52.96   64.86
  67762.115   299.617   -97.48   69.74
  68137.799   254.330  -120.54   48.16
  68513.450   223.128   -83.06   38.16
  68889.066   197.189   -69.05   51.34
  69264.649   173.963   -61.84   55.85
  69640.198   141.849   -85.50   43.99
  70015.714   117.887   -63.81   23.57
  70391.196   101.110   -44.68   15.50
  70766.644    88.416   -33.81   13.30
  71142.058    79.492   -23.77   12.63
  71517.439    70.030   -25.20    9.69
  71892.786    64.340   -15.16    9.78
  72268.099    58.906   -14.48    7.45
  72643.379    54.001   -13.07    5.41
  73018.625    53.677    -0.86   13.55
  73393.837    61.010    19.54   21.94
  73769.016    79.303    48.75   30.58
  74144.162   101.739    59.80   29.71
  74519.273   127.751    69.34   34.45
  74894.351   161.831    90.85   42.84
  75269.396   199.801   101.23   52.86
  75644.407   239.454   105.73   49.56
  76019.385   260.491    56.10   37.65
  76394.328   263.831     8.91   33.36
  76769.239   259.451   -11.68   31.55
  77144.116   256.343    -8.29   34.17
  77518.959   250.850   -14.65   38.83
  77893.769   251.082     0.62   39.88
  78268.546   249.774    -3.49   33.65
  78643.289   243.436   -16.91   33.10
  79017.998   234.491   -23.87   34.90
  79392.674   220.680   -36.86   38.41
  79767.317   209.692   -29.33   38.16
  80141.926   201.770   -21.15   37.56
  80516.502   189.242   -33.44   38.01
  80891.044   173.818   -41.18   42.86
  81265.553   145.492   -75.63   44.83
  81640.029   110.325   -93.90   37.17
  82014.471    87.189   -61.78   30.58
  82388.880    65.457   -58.04   18.74
  82763.256    53.334   -32.38    8.00
  83137.598    47.153   -16.51    7.60
  83511.907    41.189   -15.93    8.59
  83886.183    38.793    -6.40    8.58
  84260.425    38.680    -0.30    8.81
  84634.634    41.589     7.77    7.77
  85008.810    45.528    10.53    4.41
  85382.952    46.202     1.80    3.56
  85757.061    45.604    -1.60    3.29
  86131.137    45.376    -0.61    3.02
  86505.180    45.963     1.57    4.94
  86879.189    45.414    -1.47    5.21
  87253.166    44.626    -2.11    5.45
  87627.109    44.397    -0.61    5.54
  88001.019    43.057    -3.58    2.76
  88374.895    43.010    -0.13    3.96
  88748.739    43.472     1.23    4.13
  89122.549    43.812     0.91    3.93
  89496.326    43.490    -0.86    3.88
  89870.070    42.973    -1.38    2.51
  90243.781    42.755    -0.58    1.97
  90617.459    44.219     3.92    6.32
  90991.103    47.049     7.57   10.11
  91364.715    51.963    13.15   14.80
  91738.293    60.454    22.73   20.14
  92111.839    69.604    24.50   25.23
  92485.351    67.529    -5.56   24.21
  92858.830    64.130    -9.10   20.76
  93232.276    61.903    -5.96   19.51
  93605.690    60.906    -2.67   18.62
  93979.070    66.456    14.86   23.39
  94352.417    74.126    20.54   24.48
  94725.731    83.189    24.28   27.07
  95099.012    86.582     9.09   28.33
  95472.260    87.961     3.70   26.11
  95845.475    93.092    13.75   28.23
  96218.657    96.690     9.64   33.54
  96591.807   123.718    72.42   45.50
  96964.923   150.318    71.28   46.10
  97338.006   178.118    74.51   37.34
  97711.057   194.778    44.65   28.52
  98084.074   206.952    32.63   28.58
  98457.059   218.365    30.59   31.08
  98830.010   235.378    45.61   31.35
  99202.929   251.325    42.76   32.56
  99575.815   260.718    25.19   37.08
  99948.668   255.642   -13.61   46.34
 100321.489   257.664     5.42   45.74
 100694.276   263.376    15.32   37.09
 101067.031   272.623    24.81   31.20
 101439.752   286.944    38.42   27.04
 101812.441   296.087    24.53   26.85
 102185.097   293.914    -5.83   35.76
 102557.721   281.189   -34.15   44.65
 102930.311   261.087   -53.95   47.71
 103302.869   259.992    -2.94   42.81
 103675.394   262.222     5.99   41.40
 104047.887   267.724    14.77   41.02
 104420.346   268.435     1.91   38.32
 104792.773   247.365   -56.57   45.46
 105165.167   208.944  -103.16   49.34
 105537.529   170.397  -103.51   45.61
 105909.857   136.862   -90.06   42.24
 106282.153   117.710   -51.44   32.38
 106654.417   111.121   -17.70   27.88
 107026.648   121.824    28.75   32.52
 107398.846   136.637    39.80   29.98
 107771.011   141.788    13.84   28.85
 108143.144   142.265     1.28   31.93
 108515.244   142.474     0.56   42.29
 108887.312   147.982    14.80   47.60
 109259.347   152.242    11.45   50.90
 109631.349   149.549    -7.24   47.72
 110003.319   143.862   -15.29   36.24
 110375.256   138.059   -15.60   27.29
 110747.161   128.568   -25.52   23.79
 111119.033   113.779   -39.76   23.74
 111490.873    99.722   -37.80   27.91
 111862.680    81.887   -47.96   20.31
 112234.454    71.869   -26.95   14.57
 112606.196    65.587   -16.90    6.38
 112977.906    64.164    -3.83    5.91
 113349.583    62.963    -3.23    6.45
 113721.228    60.710    -6.06    6.38
 114092.840    58.029    -7.21    5.40
 114464.419    56.623    -3.78    6.49
 114835.967    55.056    -4.22    7.36
 115207.481    52.774    -6.14    6.45
 115578.964    51.117    -4.46    4.29
 115950.414    49.760    -3.65    2.16
 116321.831    49.472    -0.77    1.88
 116693.216    49.737     0.71    2.22
 117064.569    49.667    -0.19    2.01
 117435.890    49.783     0.31    1.97
 117807.178    50.670     2.39    2.61
 118178.433    52.674     5.40    4.08
 118549.657    54.126     3.91    4.07
 118925.330    55.232     2.95    3.88
 119303.089    55.862     1.67    3.29
 119680.815    55.414    -1.19    2.93
 120058.507    54.903    -1.35    2.14
 120436.165    55.090     0.50    1.84
 120813.790    55.806     1.90    2.12
 121191.382    56.340     1.41    1.92
 121568.940    56.818     1.26    1.80
 121946.464    57.074     0.68    2.61
 122323.955    57.020    -0.14    3.02
 122701.413    56.367    -1.73    3.11
 123078.837    55.710    -1.74    3.18
 123456.227    54.737    -2.58    1.50
 123833.584    54.068    -1.77    1.43
 124210.908    53.549    -1.37    1.43
 124588.198    52.921    -1.67    1.55
 124965.455    52.152    -2.04    1.92
 125342.678    51.566    -1.55    1.98
 125719.868    51.491    -0.20    2.42
 126097.025    51.491     0.00    3.02
 126474.148    52.587     2.91    3.69
 126851.238    54.451     4.94    4.12
 127228.295    56.135     4.47    3.52
 127605.318    57.106     2.58    3.14
 127982.308    57.416     0.82    3.34
 128359.265    56.549    -2.30    2.92
 128736.188    56.793     0.65    2.75
 129113.078    57.944     3.05    3.22
 129489.935    60.275     6.18    5.46
 129866.758    63.837     9.45    7.43
 130243.548    66.202     6.28    6.78
 130620.305    70.084    10.30    7.01
 130997.029    75.843    15.29   11.58
 131373.720    80.279    11.77   13.21
 131750.377    86.895    17.56   11.56
 132127.001    86.804    -0.24    8.37
 132503.592    86.637    -0.44    9.18
 132880.149    84.774    -4.95    9.64
 133256.674    78.751   -16.00   12.02
 133633.165    72.489   -16.63   12.74
 134009.623    64.831   -20.34   10.97
 134386.049    58.718   -16.24    3.26
 134762.440    58.972     0.67    3.05
 135138.799    59.269     0.79    3.00
 135515.125    61.279     5.34    4.68
 135891.417    70.171    23.63   19.13
 136267.677    79.968    26.04   24.91
 136643.903    91.222    29.91   25.27
 137020.097   104.837    36.19   21.77
 137396.257   113.914    24.13   23.41
 137772.384   123.202    24.69   22.14
 138148.478   127.549    11.55   19.42
 138524.539   117.818   -25.87   25.45
 138900.567    99.989   -47.41   21.07
 139276.563    85.202   -39.32   13.57
 139652.525    74.049   -29.66    8.96
 140028.454    69.066   -13.25    8.92
 140404.350    63.812   -13.97    6.18
 140780.213    61.491    -6.17    2.23
 141156.043    61.812     0.85    2.40
 141531.841    63.760     5.18    3.78
 141907.605    75.473    31.17   24.37
 142283.337    98.076    60.15   44.38
 142659.035   123.746    68.32   51.21
 143034.701   150.933    72.36   41.78
 143410.333   158.755    20.82   32.07
 143785.933   157.145    -4.29   31.06
 144161.500   158.040     2.38   36.18
 144537.034   196.158   101.49   62.62
 144912.536   243.850   126.99   65.89
 145288.004   295.856   138.49   74.09
 145663.440   329.799    90.40   59.94
 146038.842   341.619    31.48   52.24
 146414.212   331.818   -26.11   60.10
 146789.550   305.183   -70.95   71.37
 147164.854   270.992   -91.09   72.59
 147540.126   241.150   -79.51   59.68
 147915.364   214.582   -70.79   40.38
 148290.571   199.586   -39.96   30.58
 148665.744   204.765    13.80   36.03
 149040.884   223.294    49.39   51.43
 149415.992   243.279    53.27   61.47
 149791.068   250.227    18.52   61.66
 150166.110   232.390   -47.55   71.00
 150541.120   208.528   -63.62   56.59
 150916.097   196.471   -32.15   33.85
 151291.041   217.910    57.17   51.26
 151665.953   249.837    85.15   65.03
 152040.832   275.029    67.19   68.20
 152415.679   309.056    90.76   75.69
 152790.492   348.177   104.36   82.57
 153165.274   378.788    81.66   69.35
 153540.022   392.981    37.87   59.63
 153914.738   378.656   -38.22   65.56
 154289.422   348.869   -79.49   65.11
 154664.073   318.126   -82.05   61.33
 155038.691   292.074   -69.53   61.84
 155413.277   261.972   -80.35   50.10
 155787.830   234.010   -74.64   39.35
 156162.350   212.370   -57.77   42.67
 156536.838   192.208   -53.83   37.17
 156911.294   177.510   -39.25   31.87
 157285.717   179.373     4.97   27.36
 157660.108   172.892   -17.31   33.78
 158034.466   159.038   -37.00   41.78
 158408.791   140.599   -49.25   41.94
 158783.084   120.667   -53.24   30.96
 159157.345   114.621   -16.15   22.43
 159531.573   122.177    20.19   32.32
 159905.769   131.451    24.78   31.57
 160279.933   130.114    -3.57   31.82
 160654.063   123.687   -17.18   33.45
 161028.162   106.019   -47.22   20.06
 161402.228    96.785   -24.68   10.92
 161776.262    92.321   -11.93    9.00
 162150.263    88.628    -9.87    8.77
 162524.232    88.284    -0.92   10.97
 162898.169    87.590    -1.85   12.97
 163272.073    84.356    -8.65   12.31
 163645.945    80.227   -11.04    8.93
 164019.785    77.010    -8.60    4.23
 164393.593    74.914    -5.61    3.06
 164767.368    73.645    -3.40    1.83
 165141.110    73.202    -1.18    1.35
 165514.821    73.114    -0.24    1.12
 165888.499    77.202    10.94   11.79
 166262.145    83.318    16.36   15.40
 166635.759    88.189    13.04   15.10
 167009.340    90.568     6.37   11.32
 167382.890    91.825     3.36    7.91
 167756.407    91.433    -1.05    4.50
 168129.891    93.050     4.33    7.30
 168503.344    97.869    12.90   18.86
 168876.764   100.981     8.33   24.72
 169250.153    96.548   -11.87   26.17
 169623.509    90.373   -16.54   21.08
 169996.833    85.328   -13.51   11.40
 170370.124    85.040    -0.77    6.85
 170743.384    92.208    19.20   11.76
 171116.611   103.922    31.38   18.83
 171489.807   109.491    14.92   19.32
 171862.970   104.455   -13.49   20.00
 172236.101    97.630   -18.29   19.03
 172609.200    91.599   -16.16   13.62
 172982.267    94.359     7.40   16.34
 173355.302   101.746    19.80   20.08
 173728.305   111.902    27.22   21.54
 174101.276   121.645    26.12   24.74
 174474.215   129.755    21.74   28.77
 174847.121   144.059    38.35   29.71
 175219.996   162.918    50.57   39.33
 175592.839   179.590    44.71   46.47
 175965.650   203.325    63.65   50.59
 176338.428   221.530    48.83   46.01
 176711.175   227.227    15.28   41.66
 177083.890   229.246     5.42   32.05
 177456.573   230.683     3.86   30.64
 177829.223   232.028     3.61   30.05
 178201.842   223.647   -22.49   30.84
 178574.429   214.714   -23.97   25.64
 178946.985   202.530   -32.70   29.59
 179319.508   185.586   -45.48   34.84
 179691.999   177.510   -21.68   34.10
 180064.458   180.510     8.05   36.95
 180436.886   206.455    69.65   57.95
 180809.281   246.164   106.61   68.95
 181181.645   278.310    86.31   49.01
 181553.977   288.414    27.13   39.89
 181926.277   266.603   -58.57   51.94
 182298.546   227.593  -104.77   42.27
 182670.782   197.260   -81.47   40.16
 183042.987   172.330   -66.97   31.04
 183415.160   158.145   -38.11   25.96
 183787.301   161.095     7.93   32.31
 184159.410   181.222    54.08   50.17
 184531.487   237.126   150.22   72.72
 184903.533   276.510   105.84   66.71
 185275.547   288.491    32.20   59.17
 185647.529   283.489   -13.44   66.23
 186019.480   258.925   -66.03   55.41
 186391.399   237.706   -57.04   50.76
 186763.286   228.529   -24.67   52.47
 187135.141   225.972    -6.88   51.58
 187506.965   233.601    20.51   58.49
 187878.757   240.745    19.21   55.65
 188250.517   239.587    -3.12   57.36
 188622.246   239.706     0.32   51.18
 188993.943   240.098     1.05   43.55
 189365.608   247.343    19.49   39.98
 189737.242   274.310    72.55   50.97
 190108.844   303.973    79.81   68.67
 190480.415   328.972    67.27   73.38
 190851.954   346.064    45.99   71.16
 191223.461   360.895    39.91   60.04
 191594.937   381.869    56.45   54.80
 191966.381   409.586    74.60   49.58
 192337.794   432.392    61.39   41.47
 192709.175   445.714    35.86   36.11
 193080.524   441.390   -11.64   43.89
 193451.842   440.047    -3.62   48.63
 193827.397   443.902    10.26   48.53
 194205.087   458.492    38.62   47.19
 194582.743   476.106    46.63   32.59
 194960.367   478.279     5.75   32.87
 195337.958   481.583     8.75   34.73
 195715.517   479.870    -4.54   34.91
 196093.043   466.274   -36.01   39.61
 196470.536   457.741   -22.60   51.04
 196847.996   451.201   -17.32   59.84
 197225.424   446.760   -11.76   64.15
 197602.820   444.606    -5.71   61.93
 197980.183   419.677   -66.05   68.66
 198357.513   369.870  -131.97   67.00
 198734.810   341.314   -75.67   54.97
 199112.075   336.569   -12.57   53.53
 199489.308   379.019   112.51   77.65
 199866.508   422.208   114.48   64.81
 200243.675   439.902    46.90   66.22
 200620.810   433.973   -15.72   67.51
 200997.913   412.250   -57.59   72.63
 201374.983   371.153  -108.97   75.89
 201752.020   325.626  -120.73   62.13
 202129.025   304.788   -55.26   50.03
 202505.997   300.906   -10.29   48.16
 202882.937   312.530    30.83   52.27
 203259.845   330.825    48.53   53.37
 203636.720   340.030    24.42   48.18
 204013.563   352.707    33.63   69.22
 204390.373   365.222    33.21   80.68
 204767.151   375.812    28.10   78.51
 205143.896   401.755    68.85   67.95
 205520.609   419.432    46.91   66.90
 205897.290   422.057     6.97   78.92
 206273.938   441.970    52.86   83.55
 206650.554   443.153     3.14   73.51
 207027.138   430.818   -32.75   59.54
 207403.689   406.529   -64.49   60.16
 207780.208   355.395  -135.78   61.92
 208156.694   325.118   -80.40   55.78
 208533.149   304.944   -53.58   56.08
 208909.571   301.690    -8.64   64.28
 209285.960   304.028     6.21   59.17
 209662.318   304.991     2.56   53.38
 210038.643   297.806   -19.09   47.56
 210414.936   278.856   -50.35   44.57
 210791.197   259.569   -51.25   47.14
 211167.425   231.491   -74.61   55.37
 211543.621   214.210   -45.93   46.25
 211919.785   213.171    -2.76   48.21
 212295.917   228.183    39.90   56.13
 212672.016   264.728    97.15   75.50
 213048.084   282.059    46.07   75.58
 213424.119   291.837    26.00   61.93
 213800.122   300.171    22.16   56.07
 214176.093   295.910   -11.33   57.37
 214552.032   294.939    -2.58   58.30
 214927.938   299.718    12.71   53.33
 215303.813   282.365   -46.16   60.36
 215679.655   238.230  -117.40   49.00
 216055.465   205.040   -88.30   37.86
 216431.243   178.718   -70.03   28.26
 216806.989   164.730   -37.22   21.25
 217182.703   168.674    10.49   28.98
 217558.385   195.548    71.52   54.48
 217934.035   219.183    62.90   57.57
 218309.653   245.902    71.12   50.67
 218685.239   262.098    43.11   44.95
 219060.793   272.076    26.56   45.52
 219436.314   291.430    51.53   49.96
 219811.804   322.140    81.77   60.27
 220187.262   330.059    21.09   51.51
 220562.688   314.201   -42.23   55.08
 220938.081   280.452   -89.88   70.70
 221313.443   231.057  -131.56   67.28
 221688.773   199.642   -83.68   49.05
 222064.071   193.590   -16.12   45.58
 222439.337   223.899    80.75   64.49
 222814.571   273.491   132.13   66.15
 223189.773   322.365   130.23   73.29
 223564.943   349.395    72.03   57.23
 223940.082   360.359    29.22   48.56
 224315.188   369.452    24.24   51.19
 224690.263   373.210    10.02   47.18
 225065.305   363.831   -25.00   51.81
 225440.316   333.930   -79.71   70.61
 225815.295   291.278  -113.72   59.13
 226190.242   271.164   -53.63   38.09
 226565.158   280.728    25.50   41.42
 226940.041   302.299    57.53   51.61
 227314.893   313.255    29.22   65.70
 227689.713   302.680   -28.21   68.34
 228064.501   284.630   -48.15   68.83
 228439.257   245.237  -105.09   57.36
 228813.982   219.318   -69.15   50.51
 229188.675   215.001   -11.52   54.56
 229563.336   208.804   -16.54   55.25
 229937.965   218.049    24.67   52.88
 230312.563   213.529   -12.06   55.65
 230687.129   205.510   -21.40   56.57
 231061.663   204.936    -1.53   59.59
 231436.166   214.314    25.04   68.02
 231810.636   233.001    49.89   65.18
 232185.076   247.049    37.51   58.56
 232559.483   258.126    29.58   48.63
 232933.859   277.567    51.92   51.18
 233308.203   283.138    14.88   45.21
 233682.516   286.214     8.22   46.46
 234056.797   277.850   -22.34   46.66
 234431.046   278.474     1.67   50.93
 234805.264   288.647    27.18   51.33
 235179.450   276.306   -32.97   54.48
 235553.604   237.472  -103.77   71.34
 235927.727   208.863   -76.45   62.74
 236301.818   196.910   -31.94   56.16
 236675.878   209.471    33.57   62.57
 237049.906   238.232    76.88   60.09
 237423.903   259.804    57.67   52.70
 237797.868   262.567     7.39   49.40
 238171.802   275.530    34.66   51.92
 238545.704   279.472    10.54   48.32
 238919.575   291.436    31.99   51.77
 239293.414   312.549    56.46   57.48
 239667.222   329.510    45.36   62.00
 240040.998   336.390    18.40   62.82
 240414.743   330.189   -16.59   58.96
 240788.456   333.670     9.31   54.69
 241162.138   345.359    31.27   54.17
 241535.788   357.202    31.69   52.82
 241909.407   361.510    11.53   46.20
 242282.995   331.765   -79.60   61.74
 242656.551   306.785   -66.85   58.27
 243030.076   301.692   -13.63   57.49
 243403.569   295.930   -15.42   50.93
 243777.031   300.076    11.10   53.45
 244150.462   307.510    19.90   54.08
 244523.861   290.569   -45.36   66.43
 244897.229   256.380   -91.54   60.87
 245270.566   251.106   -14.12   55.25
 245643.871   267.028    42.64   63.14
 246017.145   285.706    50.03   57.94
 246390.388   281.869   -10.28   60.85
 246763.599   268.370   -36.16   59.43
 247136.779   266.510    -4.98   55.96
 247509.928   292.529    69.71   63.41
 247883.046   312.790    54.29   55.03
 248256.132   319.177    17.11   55.41
 248629.187   312.126   -18.90   65.05
 249002.211   308.110   -10.76   62.16
 249375.204   311.196     8.27   57.11
 249748.165   316.788    14.99   61.96
 250121.095   342.490    68.90   60.35
 250493.994   347.079    12.30   57.32
 250866.862   358.628    30.97   56.16
 251239.699   365.785    19.19   50.93
 251612.504   336.801   -77.72   70.91
 251985.279   295.760  -110.07   96.97
 252358.022   236.529  -158.87   88.08
 252730.734   199.510   -99.30   50.82
 253103.415   196.737    -7.44   40.78
 253476.064   216.718    53.61   53.64
 253848.683   249.529    88.03   68.44
 254221.271   270.491    56.24   67.47
 254593.827   275.020    12.15   62.13
 254966.352   277.401     6.39   52.71
 255338.847   271.510   -15.81   50.14
 255711.310   269.435    -5.57   49.17
 256083.742   276.471    18.89   52.78
 256456.143   301.944    68.38   56.11
 256828.513   327.968    69.87   61.37
 257200.852   361.275    89.43   67.08
 257573.160   378.177    45.39   57.83
 257945.437   375.270    -7.81   57.00
 258317.683   359.337   -42.79   56.32
 258689.899   345.895   -36.10   59.28
 259062.083   336.451   -25.37   64.98
 259434.236   335.824    -1.69   67.58
 259806.358   339.255     9.22   74.04
 260178.449   332.885   -17.12   70.61
 260550.509   309.087   -63.95   70.63
 260922.539   258.843  -135.02   99.63
 261294.537   181.334  -208.31  109.43
 261666.505   121.799  -160.01   88.14
 262038.441    98.337   -63.06   80.38
 262410.347   103.050    12.67   86.99
 262782.222   127.157    64.81   87.71
 263154.066   126.510    -1.74   87.53
 263525.879   113.010   -36.30   83.47
 263897.661   102.202   -29.06   77.65
 264269.413    94.491   -20.74   74.46
 264641.133    89.683   -12.93   71.01
 265012.823    92.098     6.50   77.62
 265384.482   106.419    38.52   83.48
 265756.110    99.530   -18.53   82.65
 266127.707    89.626   -26.65   75.84
 266499.274    75.863   -37.03   69.52
 266870.810    72.122   -10.07   66.05
 267242.315    85.057    34.81   71.01
 267613.789   109.857    66.74   81.94
 267985.232   127.548    47.61   81.70
 268356.645   148.628    56.74   86.52
 268732.136   164.837    43.16   84.53
 269109.755   180.040    40.25   80.59
 269487.341   190.647    28.09   75.70
 269864.896   189.106    -4.08   65.55
 270242.420   194.302    13.76   64.21
 270619.911   206.057    31.13   55.80
 270997.371   220.745    38.90   55.41
 271374.799   236.548    41.86   51.01
 271752.195   248.050    30.47   39.12
 272129.559   257.090    23.95   47.31
 272506.891   276.706    51.97   72.83
 272884.192   303.343    70.58   90.54
 273261.461   322.922    51.88   85.87
 273638.698   330.568    20.26   80.55
 274015.904   316.106   -38.33   73.01
 274393.078   305.216   -28.87   68.50
 274770.220   323.735    49.09   86.16
 275147.331   366.255   112.72   91.56
 275524.409   390.550    64.41   68.30
 275901.457   373.334   -45.65   72.88
 276278.472   346.433   -71.33   77.36
 276655.456   326.981   -51.59   62.09
 277032.408   341.138    37.55   66.38
 277409.329   391.816   134.42   69.82
 277786.218   461.472   184.76   89.15
 278163.075   500.270   102.92   74.60
 278539.901   513.314    34.61   77.58
 278916.695   499.328   -37.11   95.75
 279293.457   450.356  -129.94  114.88
 279670.188   396.472  -142.99  102.26
 280046.888   365.265   -82.82   87.49
 280423.556   364.586    -1.80   77.66
 280800.192   415.392   134.86   90.52
 281176.797   452.410    98.26   80.25
 281553.370   439.899   -33.21   98.36
 281929.912   411.933   -74.25  102.63
 282306.422   349.642  -165.40   69.88
 282682.901   342.150   -19.89   52.20
 283059.348   333.793   -22.19   54.88
 283435.764   321.118   -33.66   65.74
 283812.149   299.890   -56.38   69.53
 284188.502   269.546   -80.60   66.14
 284564.823   249.001   -54.58   48.33
 284941.113   239.310   -25.75   34.43
 285317.372   248.950    25.61   41.25
 285693.599   278.095    77.44   55.60
 286069.795   300.250    58.88   49.67
 286445.959   333.765    89.07   59.72
 286822.092   375.699   111.45   66.49
 287198.194   403.029    72.65   59.28
 287574.264   423.310    53.91   62.13
 287950.303   446.110    60.61   64.10
 288326.311   472.642    70.54   55.14
 288702.287   487.196    38.70   49.75
 289078.232   482.887   -11.46   48.88
 289454.145   461.471   -56.96   52.67
 289830.028   452.314   -24.35   47.47
 290205.879   461.944    25.61   57.20
 290581.699   480.210    48.59   64.36
 290957.487   520.325   106.72   58.89
 291333.244   550.589    80.52   48.48
 291708.970   552.892     6.13   53.24
 292084.665   528.079   -66.03   68.35
 292460.328   510.395   -47.06   77.68
 292835.960   484.359   -69.29   84.76
 293211.561   463.290   -56.08   89.37
 293587.131   446.356   -45.07   73.02
 293962.670   431.706   -39.00   94.33
 294338.177   436.880    13.78  113.10
 294713.653   447.804    29.08  123.89
 295089.098   447.567    -0.63  133.06
 295464.512   460.745    35.09  118.15
 295839.895   441.061   -52.42  105.38
 296215.246   447.418    16.93   99.76
 296590.567   444.510    -7.74   93.48
 296965.856   438.765   -15.30   84.38
 297341.114   428.843   -26.43   78.66
 297716.342   413.963   -39.65   74.87
 298091.538   380.610   -88.87   78.96
 298466.702   369.589   -29.37   75.65
 298841.836   355.510   -37.52   76.23
 299216.939   325.163   -80.88   70.03
 299592.011   303.699   -57.21   68.43
 299967.051   290.202   -35.98   56.03
 300342.061   299.806    25.60   56.84
 300717.040   290.471   -24.89   56.43
 301091.987   277.902   -33.51   56.44
 301466.904   267.164   -28.63   49.91
 301841.790   243.760   -62.41   38.56
 302216.644   226.837   -45.13   43.30
 302591.468   238.750    31.77   55.24
 302966.260   273.992    94.00   83.40
 303341.022   340.670   177.87  101.80
 303715.753   395.451   146.14   73.64
 304090.453   426.589    83.07   42.92
 304465.121   430.781    11.19   45.14
 304839.759   382.933  -127.68   85.14
 305214.366   333.210  -132.69   90.02
 305588.943   329.432   -10.08   87.98
 305963.488   345.412    42.65  108.18
 306338.002   370.260    66.33  105.11
 306712.486   392.470    59.29  102.98
 307086.938   382.010   -27.93  108.79
 307461.360   343.275  -103.42  103.97
 307835.751   340.406    -7.66   94.83
 308210.111   328.981   -30.51   80.76
 308584.440   331.059     5.55   79.00
 308958.739   340.138    24.25   78.91
 309333.006   320.330   -52.91   70.39
 309707.243   296.863   -62.69   67.80
 310081.449   289.702   -19.13   60.45
 310455.624   280.031   -25.84   50.42
 310829.769   301.510    57.39   63.22
 311203.883   346.630   120.57   66.99
 311577.966   393.883   126.28   87.02
 311952.018   479.606   229.10  114.86
 312326.039   530.549   136.16   93.13
 312700.030   530.020    -1.42   94.59
 313073.990   470.706  -158.56  132.71
 313447.919   417.647  -141.85   98.05
 313821.818   411.552   -16.30   86.37
 314195.686   443.804    86.24   92.60
 314569.523   512.647   184.09   92.50
 314943.330   579.050   177.58  115.55
 315317.106   647.606   183.36  118.95
 315690.851   699.310   138.30   80.37
 316064.566   714.157    39.72   71.53
 316438.250   692.989   -56.63   82.31
 316811.903   674.451   -49.60   85.79
 317185.526   641.930   -87.01   89.35
 317559.118   632.138   -26.20   87.05
 317932.680   624.020   -21.72   81.21
 318306.211   610.510   -36.16   82.85
 318679.711   590.359   -53.93  105.82
 319053.181   537.670  -141.03  117.84
 319426.621   500.157  -100.42  106.29
 319800.030   469.906   -80.99   99.47
 320173.408   480.922    29.49  114.86
 320546.756   498.250    46.40  120.69
 320920.073   509.750    30.79  125.44
 321293.359   495.604   -37.88  128.10
 321666.616   474.824   -55.66  108.60
 322039.841   406.279  -183.59  126.39
 322413.037   359.210  -126.08  122.34
 322786.201   300.029  -158.54  100.03
 323159.336   267.343   -87.57   91.10
 323532.440   291.667    65.17  100.97
 323905.513   337.750   123.48  122.00
 324278.556   384.310   124.77  111.47
 324651.569   437.416   142.32   95.10
 325024.551   468.294    82.76   89.56
 325397.502   529.925   165.20   86.54
 325770.424   589.082   158.58   85.39
 326143.315   635.529   124.52   76.08
 326516.175   680.656   120.99   60.68
 326889.006   715.876    94.43   53.80
 327261.805   733.650    47.66   53.64
 327634.575   734.922     3.41   63.11
 328007.314   702.714   -86.38   94.68
 328380.023   653.334  -132.45  103.23
 328752.701   600.906  -140.63   82.46
 329125.350   569.184   -85.10   71.98
 329497.967   524.567  -119.70   76.88
 329870.555   479.302  -121.45   72.27
 330243.112   430.922  -129.82   53.65
 330615.639   404.150   -71.84   38.84
 330988.136   400.706    -9.24   42.56
 331360.603   413.140    33.37   50.13
 331733.039   433.883    55.68   51.90
 332105.445   443.340    25.39   52.13
 332477.821   436.633   -18.01   51.84
 332850.166   414.284   -60.00   65.63
 333222.482   387.614   -71.61   67.37
 333594.767   347.726  -107.11   69.30
 333967.022   339.040   -23.33   66.59
 334339.247   361.471    60.24   73.19
 334711.441   400.047   103.61   80.89
 335083.606   432.914    88.28   75.22
 335455.740   430.661    -6.05   72.94
 335827.844   406.286   -65.48   62.74
 336199.918   383.510   -61.19   66.94
 336571.962   367.814   -42.17   68.72
 336943.976   361.837   -16.06   76.22
 337315.959   356.330   -14.80   72.75
 337687.913   334.710   -58.11   80.82
 338059.836   305.321   -78.99   87.23
 338431.730   264.472  -109.80   94.80
 338803.593   201.047  -170.50   99.62
 339175.426   169.390   -85.11   81.99
 339547.229   157.635   -31.61   70.94
