#    0.071 -33.683  59.369 ;Mean Elev.(m), Avg Gradient(m/km), RMS Gradient(m/km) - SRTM1     
#    0.404 -33.055  59.642 ;Mean Elev.(m), Avg Gradient(m/km), RMS Gradient(m/km) - ASTER GDEM
#    5.976 -32.001  59.617 ;Mean Elev.(m), Avg Gradient(m/km), RMS Gradient(m/km) - GMTED2010 
  7   -26.778 52448.23483139 23.41 236.506159  46.233570 15.444
  7   -27.269 52448.23483203 24.59 236.504899  46.236820 15.444
  7   -27.280 52448.23483268 28.14 236.503639  46.240070 15.444
  7   -27.314 52448.23483332 31.01 236.502384  46.243321 12.341
  7   -27.322 52448.23483397 33.13 236.501124  46.246571 12.341
  7   -27.100 52448.23483461 25.44 236.499864  46.249821 12.341
  7   -27.802 52448.23483526 23.22 236.498604  46.253071 12.341
  7   -28.137 52448.23483590 22.02 236.497344  46.256321 12.341
  7   -28.152 52448.23483655 21.80 236.496084  46.259571 12.341
  7   -28.110 52448.23483719 18.43 236.494814  46.262821 12.341
  7   -28.253 52448.23483784 17.26 236.493554  46.266071 12.341
  7   -27.558 52448.23483848 16.12 236.492294  46.269321 12.341
  8     7.915 52483.23481760 21.54 236.519895  46.224462 16.569
  8     6.972 52483.23481825 19.98 236.518635  46.227702 16.569
  8     4.635 52483.23481889 17.23 236.517375  46.230952 16.569
  8     4.822 52483.23481954 18.99 236.516115  46.234202 16.569
  8     4.768 52483.23482018 21.69 236.514855  46.237452 16.569
  8     4.603 52483.23482083 20.11 236.513595  46.240702 16.569
  8     4.533 52483.23482147 20.95 236.512335  46.243952 16.569
  8     4.219 52483.23482212 23.46 236.511075  46.247202 16.569
  8     4.579 52483.23482276 25.45 236.509815  46.250452 16.569
  8     4.021 52483.23482341 23.28 236.508555  46.253702 16.569
  8     3.494 52483.23482405 19.58 236.507295  46.256952 16.569
  8     3.254 52483.23482470 19.19 236.506035  46.260202 16.569
  8     1.471 52483.23482534 19.88 236.504772  46.263454  7.183
  8     0.503 52483.23482598 18.29 236.503512  46.266704  7.183
  8     0.075 52483.23482663 17.53 236.502252  46.269954  7.183
  8    -0.536 52483.23482727 16.25 236.500992  46.273204  7.183
  9     2.223 52518.23478259 16.03 236.513463  46.261198  5.056
  9     2.030 52518.23478323 14.50 236.512203  46.264448  5.056
  9     1.700 52518.23478388 14.39 236.510943  46.267698  5.056
  9     1.173 52518.23478452 13.78 236.509683  46.270948  5.056
 10     3.436 52553.23482769 21.63 236.505957  46.234692 14.790
 10     2.638 52553.23482834 23.62 236.504697  46.237942 14.790
 10     2.377 52553.23482898 27.41 236.503437  46.241192 14.790
 10     5.315 52553.23482963 27.70 236.502177  46.244442 14.790
 10     4.335 52553.23483027 28.67 236.500917  46.247692 14.790
 10     1.255 52553.23483092 26.52 236.499647  46.250942 14.790
 10     1.235 52553.23483156 25.48 236.498387  46.254192 14.790
 10     1.034 52553.23483221 23.92 236.497127  46.257442 14.790
 10     1.313 52553.23483285 19.52 236.495867  46.260692 14.790
 10     0.942 52553.23483349 18.09 236.494607  46.263932 14.790
 10     0.934 52553.23483414 14.68 236.493347  46.267182 14.790
 10     1.495 52553.23483478 13.08 236.492087  46.270432 14.790
 12     7.421 52623.23476372 33.35 236.520604  46.240976 22.561
 12     7.238 52623.23476759 23.41 236.513044  46.260466 22.561
 12     2.570 52623.23476823 23.46 236.511784  46.263716 22.561
 12     3.898 52623.23476888 22.20 236.510524  46.266966 22.561
 12     2.200 52623.23477017 21.97 236.508004  46.273466 22.561
 13     8.344 52658.23477705 39.11 236.521915  46.225541 25.209
 13     7.924 52658.23477769 39.64 236.520655  46.228791 25.209
 13     8.569 52658.23477834 39.10 236.519395  46.232041 25.209
 13     9.974 52658.23477898 39.28 236.518135  46.235291 25.209
 13     9.368 52658.23477963 38.54 236.516875  46.238541 25.209
 13     6.817 52658.23478027 38.08 236.515615  46.241791 25.209
 13     9.171 52658.23478092 35.80 236.514355  46.245041 25.209
 13     7.514 52658.23478156 37.89 236.513095  46.248291 25.209
 13    10.768 52658.23478220 34.79 236.511835  46.251541 25.209
 13     4.178 52658.23478285 35.23 236.510572  46.254791 11.264
 13     2.603 52658.23478349 32.21 236.509312  46.258041 11.264
 13     5.459 52658.23478414 29.20 236.508052  46.261291 11.264
 13     1.700 52658.23478478 27.19 236.506792  46.264541 11.264
 13     1.396 52658.23478543 27.12 236.505532  46.267791 11.264
 13     0.828 52658.23478607 24.81 236.504272  46.271041 11.264
 15     0.699 52728.23479791 51.70 236.523187  46.225228 16.617
 15     0.632 52728.23479856 52.45 236.521927  46.228478 16.617
 15     0.648 52728.23479920 51.97 236.520667  46.231728 16.617
 15     0.657 52728.23479985 52.41 236.519407  46.234978 16.617
 15     0.676 52728.23480049 51.87 236.518147  46.238228 16.617
 15     0.685 52728.23480114 51.67 236.516887  46.241478 16.617
 15     0.692 52728.23480178 51.20 236.515627  46.244728 16.617
 15     0.696 52728.23480243 50.74 236.514371  46.247979 13.238
 15     0.522 52728.23480307 49.32 236.513111  46.251229 13.238
 15     0.492 52728.23480372 36.71 236.511851  46.254479 13.238
 15     0.599 52728.23480436 39.66 236.510591  46.257729 13.238
 15     0.560 52728.23480500 46.99 236.509331  46.260979 13.238
 15     0.734 52728.23480565 46.37 236.508071  46.264229 13.238
 15     0.698 52728.23480629 47.08 236.506801  46.267479 13.238
 15     0.684 52728.23480694 47.49 236.505541  46.270729 13.238
 16     9.658 52763.23481194 40.84 236.515931  46.230047 21.549
 16     9.123 52763.23481258 39.13 236.514671  46.233297 21.549
 16     2.877 52763.23481387 36.75 236.512151  46.239787 21.549
 16     4.272 52763.23481451 30.45 236.510891  46.243037 21.549
 16     9.772 52763.23481580 34.93 236.508371  46.249537 21.549
 16     4.190 52763.23481645 40.10 236.507111  46.252787 21.549
 16     8.616 52763.23481709 39.46 236.505851  46.256037 21.549
 16     7.947 52763.23481774 40.21 236.504591  46.259287 21.549
 16     7.646 52763.23481838 39.68 236.503331  46.262537 21.549
 16     6.290 52763.23481903 40.42 236.502071  46.265787 21.549
 16     1.897 52763.23481967 37.77 236.500813  46.269038 10.986
 16     1.655 52763.23482032 38.72 236.499553  46.272288 10.986
 17     8.036 52798.23478262 15.64 236.520058  46.225703 17.238
 17     7.685 52798.23478326 15.72 236.518798  46.228953 17.238
 17     8.663 52798.23478391 15.27 236.517538  46.232203 17.238
 17     7.602 52798.23478455 15.71 236.516278  46.235453 17.238
 17     9.726 52798.23478520 15.76 236.515018  46.238703 17.238
 17    10.062 52798.23478584 16.70 236.513758  46.241953 17.238
 17     4.639 52798.23478649 19.63 236.512492  46.245202  8.856
 17     5.516 52798.23478713 20.18 236.511232  46.248452  8.856
 17     3.805 52798.23478778 21.09 236.509972  46.251702  8.856
 17     3.738 52798.23478842 19.14 236.508712  46.254952  8.856
 17     4.187 52798.23478906 17.83 236.507452  46.258202  8.856
 17     4.481 52798.23478971 18.84 236.506192  46.261452  8.856
 17     7.167 52798.23479035 16.98 236.504932  46.264702  8.856
 17     3.108 52798.23479100 14.51 236.503662  46.267952  8.856
 17     2.387 52798.23479164 13.87 236.502402  46.271202  8.856
 18     9.379 52833.23485312 28.99 236.520046  46.225420 17.931
 18     4.864 52833.23485441 27.82 236.517526  46.231920 17.931
 18     4.496 52833.23485506 28.30 236.516266  46.235170 17.931
 18     4.326 52833.23485570 27.84 236.515006  46.238420 17.931
 18     4.368 52833.23485635 29.09 236.513746  46.241670 17.931
 18     3.780 52833.23485699 29.93 236.512486  46.244920 17.931
 18     3.004 52833.23485763 31.16 236.511226  46.248170 17.931
 18     6.248 52833.23485828 27.03 236.509965  46.251419  7.829
 18     2.711 52833.23485892 26.45 236.508695  46.254669  7.829
 18     2.052 52833.23485957 27.03 236.507435  46.257919  7.829
 18     2.842 52833.23486021 25.85 236.506175  46.261169  7.829
 18     2.538 52833.23486086 24.36 236.504915  46.264419  7.829
 18     1.505 52833.23486150 23.41 236.503655  46.267669  7.829
 18    -0.212 52833.23486215 23.15 236.502395  46.270919  7.829
 19     4.063 52868.23489813 23.43 236.520485  46.239155 15.084
 19     4.390 52868.23489877 21.68 236.519225  46.242405 15.084
 19     2.504 52868.23490200 18.23 236.512923  46.258654  8.605
 19     1.410 52868.23490264 19.01 236.511663  46.261904  8.605
 19     0.495 52868.23490329 16.82 236.510403  46.265154  8.605
 19    -0.260 52868.23490393 16.76 236.509143  46.268404  8.605
 19    -0.604 52868.23490457 16.69 236.507873  46.271654  8.605
 20     7.626 52903.23491067 19.17 236.521736  46.226831 17.078
 20     6.501 52903.23491132 17.98 236.520476  46.230081 17.078
 20     7.053 52903.23491196 19.06 236.519216  46.233331 17.078
 20     8.070 52903.23491261 19.36 236.517956  46.236581 17.078
 20     4.692 52903.23491325 20.36 236.516696  46.239821 17.078
 20     4.875 52903.23491389 21.64 236.515436  46.243071 17.078
 20     6.966 52903.23491454 20.85 236.514176  46.246321 17.078
 20     3.468 52903.23491518 23.57 236.512916  46.249571 17.078
 20     8.038 52903.23491583 22.27 236.511656  46.252821 17.078
 20     2.870 52903.23491647 20.93 236.510396  46.256071 17.078
 20     2.703 52903.23491712 19.24 236.509136  46.259321 17.078
 20     2.653 52903.23491776 18.82 236.507876  46.262571 17.078
 20     2.963 52903.23491841 17.52 236.506616  46.265821 17.078
 20     2.874 52903.23491905 16.50 236.505349  46.269071  4.231
 20     2.808 52903.23491970 15.70 236.504089  46.272321  4.231
 21     0.528 52938.23485437 28.01 236.514458  46.259939 19.622
 21     0.026 52938.23485501 25.65 236.513198  46.263189 19.622
 21     0.387 52938.23485566 23.90 236.511938  46.266439 19.622
 21     0.110 52938.23485630 21.33 236.510678  46.269689 19.622
 21     0.916 52938.23485695 21.28 236.509418  46.272939 19.622
 22     9.574 52973.23488322 39.21 236.514354  46.229646 22.392
 22    10.725 52973.23488387 39.24 236.513094  46.232896 22.392
 22    10.372 52973.23488451 38.49 236.511834  46.236146 22.392
 22     8.985 52973.23488516 36.60 236.510574  46.239396 22.392
 22     8.592 52973.23488580 24.79 236.509314  46.242646 22.392
 22     4.654 52973.23488645 26.37 236.508054  46.245896 22.392
 22     3.983 52973.23488709 38.30 236.506794  46.249146 22.392
 22     6.173 52973.23488773 35.21 236.505534  46.252396 22.392
 22     8.022 52973.23488838 25.78 236.504274  46.255646 22.392
 22     4.090 52973.23488902 21.92 236.503014  46.258895 11.325
 22     3.699 52973.23488967 28.60 236.501754  46.262145 11.325
 22     5.532 52973.23489031 23.03 236.500484  46.265395 11.325
 22     3.754 52973.23489096 23.62 236.499224  46.268645 11.325
 22     2.660 52973.23489160 35.99 236.497964  46.271895 11.325
 23     5.936 53008.23489219 41.86 236.513887  46.231257 15.105
 23     5.813 53008.23489283 41.49 236.512627  46.234507 15.105
 23     5.286 53008.23489348 41.79 236.511367  46.237757 15.105
 23     5.179 53008.23489412 40.78 236.510107  46.240997 15.105
 23     5.600 53008.23489477 46.17 236.508847  46.244247 15.105
 23     5.615 53008.23489541 43.30 236.507587  46.247497 15.105
 23     5.068 53008.23489606 40.55 236.506327  46.250747 15.105
 23     5.165 53008.23489670 37.68 236.505067  46.253997 15.105
 23     5.002 53008.23489735 35.90 236.503807  46.257247 15.105
 23     4.447 53008.23489799 37.83 236.502547  46.260497 15.105
 23     3.211 53008.23489863 35.70 236.501287  46.263747 15.105
 23     2.920 53008.23489928 34.78 236.500019  46.266996  9.153
 23     2.175 53008.23489992 33.19 236.498759  46.270246  9.153
 24     8.595 53043.23484977 39.12 236.509303  46.232758 22.571
 24     9.301 53043.23485042 39.38 236.508043  46.236008 22.571
 24     6.606 53043.23485106 31.95 236.506783  46.239258 22.571
 24     8.720 53043.23485171 30.53 236.505523  46.242508 22.571
 24     7.716 53043.23485235 40.54 236.504263  46.245758 22.571
 24     6.306 53043.23485300 36.89 236.503003  46.249008 22.571
 24     8.920 53043.23485364 37.26 236.501733  46.252258 22.571
 24     2.418 53043.23485429 36.81 236.500473  46.255508 22.571
 24     3.376 53043.23485493 30.85 236.499216  46.258757 13.249
 24     2.899 53043.23485558 31.75 236.497956  46.262007 13.249
 24     1.261 53043.23485622 30.01 236.496696  46.265257 13.249
 24     0.506 53043.23485686 29.38 236.495426  46.268507 13.249
 24     1.820 53043.23485751 27.92 236.494166  46.271757 13.249
 25     8.406 53078.23488216 17.08 236.516208  46.229630 18.294
 25     7.686 53078.23488280 17.78 236.514948  46.232880 18.294
 25     8.322 53078.23488345 17.32 236.513688  46.236130 18.294
 25     8.089 53078.23488409 16.79 236.512428  46.239380 18.294
 25     7.828 53078.23488473 20.28 236.511168  46.242630 18.294
 25     9.291 53078.23488538 20.56 236.509908  46.245880 18.294
 25    11.784 53078.23488602 29.13 236.508648  46.249130 18.294
 25    10.721 53078.23488667 21.97 236.507388  46.252380 18.294
 25     3.901 53078.23488731 18.94 236.506128  46.255630 18.294
 25     5.792 53078.23488796 18.26 236.504869  46.258880  7.300
 25     3.230 53078.23488860 31.94 236.503609  46.262130  7.300
 25     8.712 53078.23488925 25.44 236.502349  46.265380  7.300
 25     3.419 53078.23488989 15.02 236.501089  46.268630  7.300
 25     1.263 53078.23489054 13.61 236.499829  46.271880  7.300
 26     4.370 53113.23485378 41.04 236.505590  46.233794 13.434
 26     6.432 53113.23485442 41.79 236.504330  46.237044 13.434
 26     8.129 53113.23485507 36.42 236.503070  46.240294 13.434
 26     4.252 53113.23485571 31.63 236.501810  46.243544 13.434
 26     3.635 53113.23485636 32.21 236.500550  46.246794 13.434
 26     3.145 53113.23485700 36.14 236.499280  46.250044 13.434
 26     2.192 53113.23485764 37.81 236.498020  46.253294 13.434
 26     1.891 53113.23485829 29.30 236.496765  46.256542  7.536
 26     2.374 53113.23485893 28.38 236.495505  46.259792  7.536
 26     3.470 53113.23485958 27.53 236.494245  46.263042  7.536
 26     1.477 53113.23486022 28.32 236.492975  46.266292  7.536
 26     1.567 53113.23486087 25.66 236.491715  46.269542  7.536
 27     6.941 53148.23489816 26.83 236.512705  46.231918 13.781
 27     3.156 53148.23489880 20.62 236.511445  46.235168 13.781
 27     4.013 53148.23489945 27.80 236.510185  46.238418 13.781
 27     4.100 53148.23490009 29.66 236.508925  46.241668 13.781
 27     2.311 53148.23490074 29.87 236.507665  46.244918 13.781
 27     2.235 53148.23490138 29.17 236.506405  46.248168 13.781
 27     2.374 53148.23490203 28.21 236.505145  46.251418 13.781
 27     1.218 53148.23490267 24.43 236.503882  46.254669  6.320
 27     1.681 53148.23490332 21.94 236.502622  46.257919  6.320
 27     2.248 53148.23490396 20.99 236.501362  46.261169  6.320
 27     2.853 53148.23490461 19.95 236.500102  46.264419  6.320
 27     1.589 53148.23490525 17.25 236.498842  46.267669  6.320
 27     1.229 53148.23490589 16.23 236.497582  46.270919  6.320
 28     4.952 53183.23489810 22.58 236.520554  46.238891 22.907
 28     5.085 53183.23489875 22.33 236.519294  46.242141 22.907
 28     3.175 53183.23490262 18.78 236.511734  46.261641 22.907
 28     2.812 53183.23490326 18.65 236.510474  46.264891 22.907
 28     2.903 53183.23490391 17.16 236.509212  46.268142  5.419
 28     2.742 53183.23490455 16.05 236.507952  46.271392  5.419
 29     6.759 53218.23491986 15.58 236.520695  46.225750 17.938
 29     3.791 53218.23492051 16.53 236.519435  46.229000 17.938
 29     2.676 53218.23492115 18.21 236.518175  46.232250 17.938
 29     3.596 53218.23492180 17.43 236.516915  46.235490 17.938
 29     2.689 53218.23492244 18.76 236.515655  46.238740 17.938
 29     2.841 53218.23492308 18.96 236.514395  46.241990 17.938
 29     2.904 53218.23492373 21.13 236.513135  46.245240 17.938
 29     4.797 53218.23492437 22.48 236.511875  46.248490 17.938
 29     2.320 53218.23492502 25.22 236.510615  46.251740 17.938
 29     1.532 53218.23492566 20.53 236.509355  46.254990 17.938
 29     1.714 53218.23492631 18.60 236.508095  46.258240 17.938
 29     1.372 53218.23492695 18.74 236.506835  46.261490 17.938
 29     1.191 53218.23492760 16.83 236.505569  46.264740  5.462
 29     1.195 53218.23492824 14.78 236.504309  46.267990  5.462
 29     0.371 53218.23492889 14.34 236.503049  46.271240  5.462
 30    11.389 53253.23489768 20.27 236.522191  46.226819 15.284
 30     7.695 53253.23489833 21.86 236.520931  46.230069 15.284
 30     8.349 53253.23489897 18.67 236.519671  46.233319 15.284
 30     4.272 53253.23489962 19.00 236.518411  46.236559 15.284
 30     4.801 53253.23490026 18.63 236.517151  46.239809 15.284
 30     4.586 53253.23490091 20.27 236.515891  46.243059 15.284
 30     4.968 53253.23490155 20.90 236.514631  46.246309 15.284
 30     3.519 53253.23490220 23.38 236.513371  46.249559 15.284
 30     6.706 53253.23490284 24.59 236.512111  46.252809 15.284
 30     5.692 53253.23490348 21.35 236.510851  46.256059 15.284
 30     1.927 53253.23490413 19.71 236.509591  46.259309 15.284
 30     1.408 53253.23490477 18.14 236.508331  46.262559 15.284
 30     0.709 53253.23490542 18.02 236.507071  46.265809 15.284
 30     1.001 53253.23490606 16.88 236.505814  46.269060  5.143
 30     0.984 53253.23490671 15.08 236.504554  46.272310  5.143
 31     8.054 53288.23490119 37.78 236.503967  46.235400 21.777
 31     8.869 53288.23490183 31.74 236.502697  46.238650 21.777
 31     7.617 53288.23490247 28.09 236.501437  46.241900 21.777
 31    10.634 53288.23490312 29.53 236.500177  46.245150 21.777
 31     9.711 53288.23490376 36.54 236.498917  46.248400 21.777
 31     2.371 53288.23490441 34.57 236.497657  46.251650 21.777
 31     5.711 53288.23490505 27.58 236.496397  46.254900 21.777
 31     4.689 53288.23490570 28.80 236.495137  46.258140 21.777
 31     4.189 53288.23490634 28.11 236.493877  46.261390 21.777
 31     2.769 53288.23490699 28.38 236.492617  46.264640 21.777
 31     2.587 53288.23490763 28.45 236.491347  46.267890 21.777
 32     1.763 53323.23488118 31.00 236.514363  46.259534 17.347
 32     0.719 53323.23488182 29.99 236.513103  46.262784 17.347
 32     1.195 53323.23488247 28.14 236.511843  46.266034 17.347
 32     0.682 53323.23488311 27.29 236.510583  46.269284 17.347
 32     0.331 53323.23488376 26.14 236.509323  46.272534 17.347
 33     3.780 53358.23484553 20.50 236.517228  46.260337 20.653
 33     3.246 53358.23484617 17.21 236.515968  46.263587 20.653
 33     3.050 53358.23484682 16.25 236.514708  46.266827 20.653
 33     1.870 53358.23484746 16.34 236.513448  46.270077 20.653
 33     2.016 53358.23484811 15.72 236.512188  46.273327 20.653
 34     0.863 53393.23485626 24.08 236.511534  46.231968 23.826
 34     0.319 53393.23485690 31.60 236.510274  46.235218 23.826
 34     0.305 53393.23485755 33.68 236.509014  46.238468 23.826
 34     0.313 53393.23485819 45.06 236.507744  46.241718 23.826
 34     0.484 53393.23485884 48.05 236.506484  46.244968 23.826
 34     0.432 53393.23485948 47.57 236.505224  46.248218 23.826
 34     0.362 53393.23486013 44.46 236.503964  46.251468 23.826
 34     0.280 53393.23486077 33.93 236.502704  46.254718 23.826
 34     0.350 53393.23486142 32.44 236.501444  46.257958 23.826
 34     0.341 53393.23486206 40.97 236.500184  46.261208 23.826
 34     0.421 53393.23486271 36.17 236.498924  46.264458 23.826
 34     0.353 53393.23486335 43.75 236.497664  46.267708 23.826
 34     0.292 53393.23486400 48.90 236.496394  46.270958 23.826
 35     1.742 53428.23485573 27.50 236.514930  46.259484 21.342
 35     3.014 53428.23485638 26.69 236.513670  46.262734 21.342
 35     2.883 53428.23485702 27.18 236.512410  46.265984 21.342
 35     1.904 53428.23485767 29.63 236.511150  46.269234 21.342
 35     2.072 53428.23485831 34.08 236.509890  46.272484 21.342
 36    10.251 53463.23486964 37.22 236.515997  46.230683 20.560
 36     9.007 53463.23487028 37.62 236.514737  46.233933 20.560
 36    10.078 53463.23487092 33.65 236.513477  46.237183 20.560
 36     8.633 53463.23487157 31.13 236.512207  46.240433 20.560
 36     7.615 53463.23487221 28.38 236.510947  46.243683 20.560
 36    12.743 53463.23487286 30.73 236.509687  46.246933 20.560
 36     5.407 53463.23487350 41.24 236.508427  46.250183 20.560
 36     8.270 53463.23487415 30.13 236.507167  46.253433 20.560
 36     4.214 53463.23487479 28.76 236.505907  46.256683 20.560
 36     5.725 53463.23487544 29.84 236.504647  46.259923 20.560
 36     1.925 53463.23487608 36.77 236.503387  46.263173 20.560
 36     2.908 53463.23487673 29.68 236.502127  46.266423 20.560
 36     2.800 53463.23487737 27.14 236.500857  46.269673 20.560
 36     2.279 53463.23487802 27.31 236.499597  46.272923 20.560
 37    11.210 53498.23494048 33.82 236.509963  46.230989 22.293
 37     9.818 53498.23494113 39.57 236.508703  46.234239 22.293
 37     9.906 53498.23494177 35.27 236.507443  46.237489 22.293
 37    12.164 53498.23494242 33.39 236.506183  46.240739 22.293
 37     7.023 53498.23494306 38.88 236.504923  46.243989 22.293
 37     5.491 53498.23494371 42.13 236.503663  46.247239 22.293
 37     5.476 53498.23494435 37.00 236.502403  46.250489 22.293
 37     4.737 53498.23494500 32.72 236.501143  46.253739 22.293
 37     4.955 53498.23494564 34.06 236.499883  46.256979 22.293
 37     4.997 53498.23494629 36.88 236.498623  46.260229 22.293
 37     6.103 53498.23494693 35.22 236.497363  46.263479 22.293
 37     3.609 53498.23494758 35.31 236.496103  46.266729 22.293
 37     2.949 53498.23494822 35.54 236.494843  46.269979 22.293
 38     4.705 53533.23492434 17.75 236.520267  46.239151 12.548
 38     4.721 53533.23492498 19.67 236.519007  46.242401 12.548
 38     2.205 53533.23492820 18.68 236.512707  46.258651 12.548
 38     1.650 53533.23492885 16.51 236.511447  46.261901 12.548
 38     2.355 53533.23492949 15.30 236.510187  46.265141 12.548
 38     0.901 53533.23493014 15.97 236.508927  46.268391 12.548
 38     1.370 53533.23493078 13.87 236.507667  46.271641 12.548
 39     3.161 53568.23494088 23.43 236.514502  46.230619 13.805
 39     2.741 53568.23494153 22.96 236.513242  46.233869 13.805
 39     2.957 53568.23494217 23.66 236.511982  46.237119 13.805
 39     3.130 53568.23494282 23.77 236.510722  46.240369 13.805
 39     1.867 53568.23494346 29.28 236.509462  46.243619 13.805
 39     1.932 53568.23494410 32.61 236.508202  46.246869 13.805
 39     1.992 53568.23494475 37.09 236.506942  46.250119 13.805
 39     1.906 53568.23494539 26.38 236.505682  46.253369 13.805
 39     1.572 53568.23494604 25.64 236.504422  46.256619 13.805
 39     1.758 53568.23494668 22.09 236.503162  46.259869 13.805
 39     1.854 53568.23494733 36.81 236.501902  46.263109 13.805
 39     1.688 53568.23494797 21.74 236.500642  46.266359 13.805
 39     1.715 53568.23494862 18.99 236.499382  46.269609 13.805
 39     1.773 53568.23494926 17.60 236.498122  46.272859 13.805
 40    -0.562 53603.23489220 26.51 236.513793  46.261445 22.107
 40    -1.148 53603.23489285 20.78 236.512533  46.264685 22.107
 40    -1.723 53603.23489349 20.22 236.511273  46.267935 22.107
 40    -1.873 53603.23489414 17.99 236.510013  46.271185 22.107
 41     3.428 53638.23488532 21.56 236.509176  46.233394 12.703
 41     2.956 53638.23488596 22.84 236.507916  46.236644 12.703
 41     2.630 53638.23488661 26.73 236.506646  46.239894 12.703
 41     2.887 53638.23488725 36.19 236.505386  46.243144 12.703
 41     6.208 53638.23488790 35.12 236.504126  46.246394 12.703
 41     5.420 53638.23488854 31.99 236.502866  46.249644 12.703
 41     2.121 53638.23488919 28.06 236.501606  46.252894 12.703
 41     2.220 53638.23488983 22.78 236.500346  46.256144 12.703
 41     1.669 53638.23489048 20.51 236.499086  46.259394 12.703
 41     2.094 53638.23489112 23.19 236.497826  46.262634 12.703
 41     1.067 53638.23489177 19.55 236.496566  46.265884 12.703
 41     0.983 53638.23489241 17.23 236.495306  46.269134 12.703
 42    10.020 53673.23490518 22.89 236.511970  46.231249 18.076
 42     9.917 53673.23490582 22.40 236.510710  46.234499 18.076
 42     9.947 53673.23490647 20.64 236.509450  46.237749 18.076
 42     4.736 53673.23490711 25.53 236.508190  46.240999 18.076
 42     5.915 53673.23490776 26.54 236.506930  46.244249 18.076
 42     4.884 53673.23490840 30.19 236.505670  46.247499 18.076
 42     1.955 53673.23490905 33.53 236.504410  46.250749 18.076
 42     7.644 53673.23490969 27.24 236.503150  46.253999 18.076
 42     2.156 53673.23491033 25.57 236.501890  46.257249 18.076
 42     3.141 53673.23491098 25.25 236.500630  46.260489 18.076
 42     2.206 53673.23491162 26.80 236.499370  46.263739 18.076
 42     2.221 53673.23491227 20.61 236.498110  46.266989 18.076
 42     1.448 53673.23491291 20.08 236.496850  46.270239 18.076
 43     1.260 53708.23484186 28.87 236.517858  46.260742 17.130
 43     1.573 53708.23484250 26.58 236.516598  46.263992 17.130
 43     1.277 53708.23484315 25.64 236.515338  46.267232 17.130
 43     0.757 53708.23484379 25.14 236.514078  46.270482 17.130
 43     0.300 53708.23484444 23.73 236.512818  46.273732 17.130
 44     3.390 53743.23475276 25.59 236.520037  46.260888 12.649
 44     4.092 53743.23475340 21.57 236.518777  46.264138 12.649
 44     4.387 53743.23475405 20.76 236.517517  46.267388 12.649
 44     4.263 53743.23475469 19.88 236.516257  46.270638 12.649
 44     3.017 53743.23475534 20.23 236.514997  46.273888 12.649
 45    10.765 53778.23477534 35.21 236.520517  46.236497 22.294
 45     8.869 53778.23477599 38.86 236.519257  46.239747 22.294
 45     9.789 53778.23477663 40.11 236.517997  46.242997 22.294
 45     7.188 53778.23477921 29.55 236.512957  46.255997 22.294
 45     2.704 53778.23477985 29.06 236.511697  46.259247 22.294
 45     2.916 53778.23478050 26.85 236.510437  46.262487 22.294
 45     2.434 53778.23478114 24.38 236.509177  46.265737 22.294
 45     2.121 53778.23478179 22.41 236.507917  46.268987 22.294
 45    -0.138 53778.23478243 23.12 236.506657  46.272237 22.294
 46     2.448 53813.23475506 18.05 236.518031  46.261304 15.946
 46     1.844 53813.23475570 18.46 236.516771  46.264544 15.946
 46     1.102 53813.23475635 18.17 236.515511  46.267794 15.946
 46    -0.108 53813.23475699 18.20 236.514251  46.271044 15.946
 47    10.851 53848.23480603 34.43 236.510743  46.230982 18.985
 47    11.499 53848.23480667 34.65 236.509483  46.234232 18.985
 47    10.499 53848.23480732 37.22 236.508223  46.237482 18.985
 47    11.458 53848.23480796 34.29 236.506953  46.240732 18.985
 47    12.551 53848.23480861 35.02 236.505693  46.243982 18.985
 47     9.661 53848.23480925 35.61 236.504433  46.247232 18.985
 47    10.661 53848.23480989 31.77 236.503173  46.250482 18.985
 47     5.436 53848.23481054 30.47 236.501913  46.253732 18.985
 47     5.603 53848.23481118 29.65 236.500653  46.256982 18.985
 47     4.955 53848.23481183 28.11 236.499393  46.260232 18.985
 47     3.770 53848.23481247 26.71 236.498133  46.263472 18.985
 47     2.634 53848.23481312 26.85 236.496873  46.266722 18.985
 47     2.238 53848.23481376 24.68 236.495603  46.269972 18.985
 49     8.486 53918.23488778 13.11 236.509978  46.232160 14.949
 49     4.461 53918.23488842 16.19 236.508718  46.235410 14.949
 49     4.351 53918.23488907 20.26 236.507458  46.238660 14.949
 49     2.830 53918.23488971 29.32 236.506198  46.241910 14.949
 49     3.582 53918.23489036 27.46 236.504938  46.245160 14.949
 49     2.721 53918.23489100 23.87 236.503678  46.248410 14.949
 49     2.239 53918.23489165 20.73 236.502418  46.251660 14.949
 49     2.277 53918.23489229 20.00 236.501158  46.254910 14.949
 49     2.854 53918.23489294 18.29 236.499898  46.258150 14.949
 49     3.175 53918.23489358 23.01 236.498638  46.261400 14.949
 49     2.828 53918.23489422 15.26 236.497378  46.264650 14.949
 49     2.228 53918.23489487 12.43 236.496118  46.267900 14.949
 49     1.321 53918.23489551 12.96 236.494858  46.271150 14.949
 50    10.776 53953.23489031 18.66 236.510514  46.230872 18.826
 50     5.256 53953.23489095 19.68 236.509254  46.234122 18.826
 50     6.521 53953.23489160 21.80 236.507994  46.237372 18.826
 50     4.461 53953.23489224 38.42 236.506734  46.240622 18.826
 50     9.975 53953.23489289 36.89 236.505474  46.243872 18.826
 50     3.866 53953.23489353 30.12 236.504214  46.247122 18.826
 50     4.183 53953.23489418 28.36 236.502954  46.250372 18.826
 50     3.080 53953.23489482 21.20 236.501694  46.253622 18.826
 50     2.740 53953.23489547 20.96 236.500434  46.256872 18.826
 50     2.231 53953.23489611 21.10 236.499174  46.260122 18.826
 50     1.693 53953.23489675 20.80 236.497914  46.263362 18.826
 50     1.029 53953.23489740 19.61 236.496654  46.266612 18.826
 50    -0.155 53953.23489804 18.21 236.495394  46.269862 18.826
 52     2.608 54023.23486973 43.62 236.515564  46.228699 17.028
 52     2.875 54023.23487037 43.09 236.514304  46.231949 17.028
 52     3.487 54023.23487101 40.35 236.513044  46.235199 17.028
 52     3.108 54023.23487166 33.93 236.511784  46.238449 17.028
 52     0.998 54023.23487230 33.94 236.510514  46.241699 17.028
 52     1.423 54023.23487295 34.27 236.509254  46.244949 17.028
 52     1.295 54023.23487359 45.85 236.507994  46.248199 17.028
 52     1.919 54023.23487424 41.75 236.506734  46.251449 17.028
 52     1.872 54023.23487488 32.23 236.505474  46.254699 17.028
 52     0.995 54023.23487553 28.14 236.504214  46.257949 17.028
 52     1.240 54023.23487617 29.19 236.502954  46.261189 17.028
 52     1.148 54023.23487682 35.12 236.501694  46.264439 17.028
 52     1.149 54023.23487746 24.54 236.500434  46.267689 17.028
 52     0.636 54023.23487811 23.43 236.499164  46.270939 17.028
 53     0.267 54058.23486775 20.66 236.514187  46.259343 18.450
 53     0.177 54058.23486839 16.09 236.512927  46.262593 18.450
 53     0.146 54058.23486904 15.56 236.511667  46.265833 18.450
 53     0.186 54058.23486968 14.47 236.510407  46.269083 18.450
 53     0.066 54058.23487033 14.40 236.509147  46.272333 18.450
 54     4.564 54093.23484801 22.22 236.513695  46.258931 18.896
 54     2.380 54093.23484866 20.91 236.512435  46.262171 18.896
 54     2.311 54093.23484930 19.93 236.511175  46.265421 18.896
 54     2.539 54093.23484995 18.82 236.509915  46.268671 18.896
 54     2.414 54093.23485059 18.62 236.508655  46.271921 18.896
 55     8.834 54128.23478068 17.90 236.513104  46.231390 16.960
 55     8.699 54128.23478132 18.09 236.511844  46.234640 16.960
 55     9.583 54128.23478197 16.60 236.510584  46.237890 16.960
 55     9.563 54128.23478261 20.62 236.509324  46.241140 16.960
 55     5.139 54128.23478326 27.99 236.508064  46.244390 16.960
 55     5.966 54128.23478390 26.03 236.506794  46.247640 16.960
 55     8.375 54128.23478455 28.34 236.505534  46.250890 16.960
 55     2.875 54128.23478519 21.05 236.504274  46.254140 16.960
 55     2.949 54128.23478584 19.28 236.503014  46.257390 16.960
 55     4.547 54128.23478648 26.62 236.501754  46.260630 16.960
 55     7.532 54128.23478713 31.38 236.500494  46.263880 16.960
 55     7.453 54128.23478777 15.46 236.499234  46.267130 16.960
 55     0.947 54128.23478841 14.59 236.497964  46.270380 16.960
 56    -0.075 54163.23481164 51.61 236.520596  46.227499 32.358
 56    -0.044 54163.23481229 52.11 236.519336  46.230749 32.358
 56    -0.042 54163.23481293 52.18 236.518076  46.233999 32.358
 56    -0.056 54163.23481358 52.93 236.516816  46.237249 32.358
 56    -0.110 54163.23481422 53.70 236.515556  46.240499 32.358
 56    -0.141 54163.23481487 50.09 236.514296  46.243749 32.358
 56    -0.011 54163.23481551 49.24 236.513036  46.246999 32.358
 56    -0.133 54163.23481616 53.41 236.511776  46.250249 32.358
 56    -0.139 54163.23481680 52.60 236.510516  46.253499 32.358
 56    -0.049 54163.23481745 51.18 236.509256  46.256749 32.358
 56    -0.158 54163.23481809 50.08 236.507996  46.259999 32.358
 56    -0.118 54163.23481874 48.31 236.506733  46.263249 13.361
 56    -0.110 54163.23481938 49.46 236.505473  46.266499 13.361
 56    -0.200 54163.23482003 51.13 236.504213  46.269749 13.361
 56    -0.199 54163.23482067 49.71 236.502953  46.272999 13.361
 57     7.774 54198.23478265 15.14 236.514962  46.229997 17.793
 57     6.967 54198.23478330 16.12 236.513702  46.233247 17.793
 57     8.482 54198.23478394 16.94 236.512442  46.236497 17.793
 57     8.187 54198.23478459 19.82 236.511182  46.239747 17.793
 57    10.187 54198.23478523 19.48 236.509922  46.242997 17.793
 57     4.798 54198.23478588 22.37 236.508662  46.246247 17.793
 57     4.338 54198.23478652 29.57 236.507402  46.249497 17.793
 57     8.562 54198.23478716 25.94 236.506142  46.252747 17.793
 57     4.501 54198.23478781 19.33 236.504881  46.255995  7.519
 57     4.455 54198.23478845 17.45 236.503621  46.259245  7.519
 57     3.414 54198.23478910 23.18 236.502351  46.262495  7.519
 57     6.870 54198.23478974 19.74 236.501091  46.265745  7.519
 57     2.040 54198.23479039 13.47 236.499831  46.268995  7.519
 57     1.794 54198.23479103 12.55 236.498571  46.272245  7.519
 58     7.153 54233.23482538 16.73 236.519346  46.226843 18.713
 58     7.391 54233.23482602 17.91 236.518086  46.230083 18.713
 58     8.443 54233.23482667 16.67 236.516826  46.233333 18.713
 58     8.515 54233.23482731 16.97 236.515566  46.236583 18.713
 58     9.536 54233.23482796 16.12 236.514306  46.239833 18.713
 58     8.967 54233.23482860 17.74 236.513046  46.243083 18.713
 58     5.784 54233.23482925 19.68 236.511786  46.246333 18.713
 58     2.789 54233.23482989 27.05 236.510526  46.249583 18.713
 58     8.498 54233.23483053 19.72 236.509266  46.252833 18.713
 58     3.547 54233.23483118 18.16 236.508006  46.256083 18.713
 58     4.069 54233.23483182 17.44 236.506738  46.259333  6.845
 58     3.291 54233.23483247 26.40 236.505478  46.262583  6.845
 58     4.529 54233.23483311 16.16 236.504218  46.265833  6.845
 58     1.847 54233.23483376 15.31 236.502958  46.269083  6.845
 58     1.624 54233.23483440 15.71 236.501698  46.272333  6.845
 59     7.936 54268.23484385 15.62 236.522324  46.224761 17.072
 59     2.397 54268.23484449 17.92 236.521064  46.228011 17.072
 59     5.148 54268.23484514 18.27 236.519804  46.231261 17.072
 59     5.168 54268.23484578 17.06 236.518544  46.234511 17.072
 59     3.118 54268.23484643 18.99 236.517284  46.237761 17.072
 59     2.456 54268.23484707 20.47 236.516024  46.241011 17.072
 59     2.996 54268.23484772 21.36 236.514764  46.244261 17.072
 59     2.467 54268.23484836 20.45 236.513504  46.247511 17.072
 59     1.754 54268.23484900 20.18 236.512244  46.250761 17.072
 59     2.201 54268.23484965 19.77 236.510984  46.254011 17.072
 59     1.928 54268.23485029 19.24 236.509724  46.257261 17.072
 59     1.923 54268.23485094 18.01 236.508459  46.260513  5.681
 59     2.155 54268.23485158 15.64 236.507199  46.263763  5.681
 59     1.409 54268.23485223 14.77 236.505939  46.267013  5.681
 59     1.235 54268.23485287 13.40 236.504679  46.270263  5.681
 59     0.690 54268.23485352 13.19 236.503419  46.273513  5.681
 60     5.642 54303.23484781 38.68 236.521768  46.226753 14.128
 60     6.070 54303.23484845 32.70 236.520508  46.230003 14.128
 60     4.491 54303.23484910 28.86 236.519248  46.233253 14.128
 60     4.626 54303.23484974 28.95 236.517988  46.236503 14.128
 60     4.151 54303.23485038 27.35 236.516728  46.239753 14.128
 60     4.208 54303.23485103 28.22 236.515468  46.243003 14.128
 60     3.321 54303.23485167 28.05 236.514208  46.246253 14.128
 60     2.937 54303.23485232 28.36 236.512948  46.249503 14.128
 60     2.982 54303.23485296 28.21 236.511688  46.252753 14.128
 60     1.767 54303.23485361 27.30 236.510428  46.256003 14.128
 60     1.791 54303.23485425 26.36 236.509168  46.259253 14.128
 60     1.889 54303.23485490 24.15 236.507902  46.262503  3.658
 60     1.783 54303.23485554 23.35 236.506642  46.265753  3.658
 60     1.299 54303.23485619 23.32 236.505382  46.269003  3.658
 60     1.015 54303.23485683 22.21 236.504122  46.272253  3.658
 61     3.353 54338.23483479 22.10 236.520645  46.235173 17.211
 61     2.950 54338.23483543 22.14 236.519385  46.238423 17.211
 61     2.800 54338.23483607 22.34 236.518125  46.241673 17.211
 61     3.065 54338.23483672 23.54 236.516865  46.244923 17.211
 61     3.293 54338.23483801 25.81 236.514345  46.251423 17.211
 61     3.320 54338.23483865 26.77 236.513085  46.254673 17.211
 61     3.436 54338.23483930 21.91 236.511825  46.257923 17.211
 61     2.601 54338.23483994 20.75 236.510565  46.261173 17.211
 61     1.234 54338.23484059 20.19 236.509303  46.264424  3.537
 61     1.267 54338.23484123 20.19 236.508043  46.267674  3.537
 61     1.131 54338.23484188 20.13 236.506783  46.270924  3.537
 62     1.616 54373.23478086 22.65 236.519319  46.225189 21.695
 62    -0.031 54373.23478151 27.46 236.518059  46.228439 21.695
 62     0.954 54373.23478215 31.16 236.516799  46.231689 21.695
 62     0.054 54373.23478280 34.53 236.515539  46.234929 21.695
 62     0.019 54373.23478344 42.94 236.514279  46.238179 21.695
 62     0.735 54373.23478409 45.59 236.513019  46.241429 21.695
 62     0.420 54373.23478473 37.20 236.511759  46.244679 21.695
 62    -0.177 54373.23478538 41.70 236.510499  46.247929 21.695
 62     0.047 54373.23478602 36.26 236.509239  46.251179 21.695
 62    -0.121 54373.23478667 37.65 236.507979  46.254429 21.695
 62    -0.149 54373.23478731 34.15 236.506719  46.257679 21.695
 62    -0.133 54373.23478795 31.11 236.505449  46.260929 21.695
 62    -0.579 54373.23478860 27.75 236.504189  46.264179 21.695
 62    -1.117 54373.23478924 25.38 236.502929  46.267429 21.695
 62    -2.086 54373.23478989 24.74 236.501671  46.270679  4.159
 63     8.921 54408.23477853 27.87 236.521107  46.226515 18.387
 63     5.818 54408.23477918 28.81 236.519847  46.229765 18.387
 63     5.214 54408.23477982 27.15 236.518587  46.233015 18.387
 63     3.300 54408.23478047 25.98 236.517327  46.236265 18.387
 63     4.192 54408.23478111 25.91 236.516067  46.239515 18.387
 63     4.302 54408.23478176 26.93 236.514807  46.242755 18.387
 63     3.393 54408.23478240 32.57 236.513547  46.246005 18.387
 63     4.178 54408.23478305 29.57 236.512287  46.249255 18.387
 63     2.982 54408.23478369 30.84 236.511027  46.252505 18.387
 63     3.063 54408.23478433 27.98 236.509767  46.255755 18.387
 63     2.615 54408.23478498 26.87 236.508507  46.259005 18.387
 63     2.285 54408.23478562 25.36 236.507247  46.262255 18.387
 63     1.418 54408.23478627 23.74 236.505987  46.265505 18.387
 63     1.398 54408.23478691 22.98 236.504727  46.268755 18.387
 63     1.404 54408.23478756 21.47 236.503457  46.272005 18.387
 64     8.600 54443.23474263 36.73 236.513319  46.229829 21.824
 64     8.090 54443.23474328 40.78 236.512059  46.233069 21.824
 64     5.460 54443.23474392 36.07 236.510799  46.236319 21.824
 64     7.560 54443.23474457 28.49 236.509539  46.239569 21.824
 64    10.288 54443.23474521 28.95 236.508279  46.242819 21.824
 64     4.057 54443.23474586 31.21 236.507019  46.246069 21.824
 64     4.487 54443.23474650 34.58 236.505759  46.249319 21.824
 64     6.780 54443.23474714 29.55 236.504499  46.252569 21.824
 64     6.572 54443.23474779 24.96 236.503229  46.255819 21.824
 64     3.419 54443.23474843 32.43 236.501969  46.259069 21.824
 64     7.013 54443.23474908 31.30 236.500709  46.262319 21.824
 64     5.790 54443.23474972 37.16 236.499449  46.265569 21.824
 64     2.143 54443.23475037 39.15 236.498183  46.268816 12.507
 64     0.465 54443.23475101 39.18 236.496923  46.272066 12.507
 65     4.799 54478.23476762 42.69 236.522418  46.225127 18.041
 65     5.479 54478.23476826 42.45 236.521157  46.228380 23.497
 65     2.801 54478.23476891 44.06 236.519897  46.231630 23.497
 65     3.436 54478.23476955 43.47 236.518637  46.234880 23.497
 65     2.885 54478.23477020 42.93 236.517377  46.238130 23.497
 65     2.768 54478.23477084 43.26 236.516117  46.241380 23.497
 65     2.436 54478.23477148 46.17 236.514857  46.244630 23.497
 65     1.929 54478.23477213 45.27 236.513597  46.247880 23.497
 65     2.602 54478.23477277 41.12 236.512337  46.251130 23.497
 65     2.952 54478.23477342 38.31 236.511077  46.254380 23.497
 65     3.152 54478.23477406 33.76 236.509817  46.257630 23.497
 65     2.878 54478.23477471 32.22 236.508557  46.260870 23.497
 65     1.534 54478.23477535 32.72 236.507297  46.264120 23.497
 65     0.933 54478.23477600 31.32 236.506037  46.267370 23.497
 65     0.362 54478.23477664 30.74 236.504777  46.270620 23.497
 65     0.402 54478.23477729 28.71 236.503517  46.273870 23.497
 66     8.783 54513.23475772 28.78 236.514382  46.230269 20.123
 66     9.857 54513.23475836 38.79 236.513122  46.233519 20.123
 66    10.047 54513.23475901 39.61 236.511862  46.236769 20.123
 66    10.652 54513.23475965 39.36 236.510602  46.240019 20.123
 66     9.004 54513.23476030 39.59 236.509342  46.243269 20.123
 66     9.946 54513.23476094 39.91 236.508082  46.246519 20.123
 66     5.199 54513.23476159 40.96 236.506822  46.249768 11.807
 66     6.126 54513.23476223 29.63 236.505552  46.253018 11.807
 66     4.992 54513.23476288 23.54 236.504292  46.256268 11.807
 66     6.039 54513.23476352 28.01 236.503032  46.259518 11.807
 66     4.965 54513.23476416 39.69 236.501772  46.262768 11.807
 66     4.382 54513.23476481 39.21 236.500512  46.266018 11.807
 66     4.026 54513.23476545 41.36 236.499252  46.269268 11.807
 66     2.175 54513.23476610 40.91 236.497992  46.272518 11.807
 67     9.528 54548.23478157 36.33 236.523327  46.226227 23.773
 67     7.188 54548.23478222 33.66 236.522067  46.229477 23.773
 67    11.935 54548.23478286 36.09 236.520807  46.232727 23.773
 67     8.256 54548.23478351 39.97 236.519547  46.235977 23.773
 67     8.910 54548.23478415 39.34 236.518287  46.239227 23.773
 67    10.012 54548.23478479 39.06 236.517027  46.242477 23.773
 67     7.588 54548.23478544 38.97 236.515767  46.245727 23.773
 67    10.045 54548.23478608 35.36 236.514507  46.248977 23.773
 67     8.913 54548.23478673 36.12 236.513247  46.252227 23.773
 67     5.121 54548.23478737 39.65 236.511992  46.255477 11.449
 67     6.003 54548.23478802 33.50 236.510732  46.258727 11.449
 67     3.148 54548.23478866 28.19 236.509472  46.261977 11.449
 67     3.369 54548.23478931 26.09 236.508212  46.265227 11.449
 67     3.330 54548.23478995 25.03 236.506952  46.268477 11.449
 67     1.180 54548.23479060 24.46 236.505692  46.271727 11.449
 68    10.145 54583.23475250 39.78 236.521511  46.224691 23.043
 68    10.583 54583.23475314 36.76 236.520251  46.227941 23.043
 68     9.233 54583.23475379 38.02 236.518991  46.231191 23.043
 68     9.616 54583.23475443 37.93 236.517731  46.234441 23.043
 68     9.373 54583.23475508 38.57 236.516471  46.237691 23.043
 68     9.488 54583.23475572 38.02 236.515211  46.240941 23.043
 68    10.547 54583.23475637 37.75 236.513951  46.244191 23.043
 68     7.660 54583.23475701 37.94 236.512691  46.247441 23.043
 68     8.830 54583.23475766 32.38 236.511431  46.250693 12.209
 68     4.634 54583.23475830 33.16 236.510171  46.253943 12.209
 68     4.442 54583.23475895 32.56 236.508911  46.257193 12.209
 68     3.484 54583.23475959 33.61 236.507651  46.260443 12.209
 68     4.240 54583.23476023 32.15 236.506391  46.263693 12.209
 68     5.005 54583.23476088 31.74 236.505131  46.266943 12.209
 68     2.094 54583.23476152 31.75 236.503861  46.270193 12.209
 68     2.059 54583.23476217 31.21 236.502601  46.273443 12.209
 69     9.589 54618.23477327 17.15 236.520685  46.226997 18.033
 69     8.960 54618.23477391 18.73 236.519425  46.230247 18.033
 69     8.593 54618.23477456 18.46 236.518165  46.233497 18.033
 69     9.209 54618.23477520 18.16 236.516905  46.236747 18.033
 69     9.501 54618.23477585 17.63 236.515645  46.239997 18.033
 69     8.089 54618.23477649 17.71 236.514385  46.243247 18.033
 69     9.872 54618.23477714 18.56 236.513125  46.246497 18.033
 69    10.344 54618.23477778 18.24 236.511865  46.249747 18.033
 69     4.974 54618.23477843 18.86 236.510604  46.252999  6.487
 69     5.568 54618.23477907 18.55 236.509344  46.256249  6.487
 69     4.072 54618.23477972 18.07 236.508084  46.259499  6.487
 69     3.261 54618.23478036 17.00 236.506824  46.262749  6.487
 69     2.552 54618.23478101 16.65 236.505564  46.265999  6.487
 69     2.719 54618.23478165 15.88 236.504304  46.269249  6.487
 69     2.240 54618.23478230 15.18 236.503044  46.272499  6.487
 70     5.241 54653.23478514 32.29 236.519029  46.227509 13.728
 70     6.865 54653.23478578 32.20 236.517769  46.230759 13.728
 70     2.312 54653.23478642 31.31 236.516509  46.234009 13.728
 70     2.235 54653.23478707 24.83 236.515249  46.237259 13.728
 70     2.136 54653.23478771 22.85 236.513989  46.240509 13.728
 70     2.165 54653.23478836 22.01 236.512729  46.243759 13.728
 70     2.274 54653.23478900 27.21 236.511469  46.247009 13.728
 70     4.747 54653.23478965 24.50 236.510209  46.250259 13.728
 70     1.698 54653.23479029 25.64 236.508950  46.253509  6.975
 70     1.918 54653.23479094 22.89 236.507690  46.256759  6.975
 70     2.013 54653.23479158 21.01 236.506430  46.260009  6.975
 70     2.493 54653.23479223 19.16 236.505170  46.263259  6.975
 70     1.727 54653.23479287 18.29 236.503910  46.266509  6.975
 70     0.807 54653.23479352 18.63 236.502650  46.269759  6.975
 70     0.642 54653.23479416 16.79 236.501390  46.273009  6.975
 71     2.986 54688.23477438 28.16 236.522638  46.227747 11.980
 71     3.458 54688.23477503 26.52 236.521378  46.230997 11.980
 71     3.685 54688.23477567 25.89 236.520118  46.234237 11.980
 71     3.433 54688.23477631 24.30 236.518858  46.237487 11.980
 71     3.373 54688.23477696 23.80 236.517598  46.240737 11.980
 71     2.459 54688.23477760 24.59 236.516338  46.243987 11.980
 71     2.672 54688.23477825 24.00 236.515078  46.247237 11.980
 71     2.916 54688.23477889 25.13 236.513818  46.250487 11.980
 71     3.279 54688.23477954 22.88 236.512558  46.253737 11.980
 71     2.825 54688.23478018 23.29 236.511298  46.256987 11.980
 71     1.939 54688.23478083 21.10 236.510039  46.260239  3.708
 71     1.668 54688.23478147 19.53 236.508779  46.263489  3.708
 71     1.016 54688.23478212 19.57 236.507519  46.266739  3.708
 71     0.882 54688.23478276 18.26 236.506259  46.269989  3.708
 71     0.134 54688.23478341 17.08 236.504999  46.273239  3.708
 72     4.059 54723.23473362 36.34 236.514478  46.230233 13.790
 72     7.571 54723.23473427 36.45 236.513218  46.233483 13.790
 72     4.150 54723.23473491 35.10 236.511958  46.236733 13.790
 72     2.682 54723.23473555 41.85 236.510698  46.239983 13.790
 72     2.422 54723.23473620 41.72 236.509438  46.243233 13.790
 72     3.069 54723.23473684 44.30 236.508178  46.246483 13.790
 72     6.471 54723.23473749 40.20 236.506917  46.249734  8.154
 72     2.712 54723.23473813 29.81 236.505657  46.252984  8.154
 72     2.213 54723.23473878 25.75 236.504387  46.256234  8.154
 72     1.844 54723.23473942 24.95 236.503127  46.259484  8.154
 72     1.269 54723.23474007 23.21 236.501867  46.262734  8.154
 72     1.346 54723.23474071 21.79 236.500607  46.265984  8.154
 72     1.361 54723.23474136 19.95 236.499347  46.269234  8.154
 72     1.210 54723.23474200 19.93 236.498077  46.272484  8.154
 73     8.706 54758.23474930 39.64 236.521830  46.224688 19.069
 73     7.724 54758.23474994 39.40 236.520570  46.227938 19.069
 73     9.684 54758.23475059 40.12 236.519310  46.231188 19.069
 73     3.317 54758.23475123 41.86 236.518047  46.234440 22.403
 73     4.113 54758.23475187 38.54 236.516787  46.237690 22.403
 73     2.555 54758.23475252 40.49 236.515527  46.240940 22.403
 73     2.248 54758.23475316 37.65 236.514267  46.244190 22.403
 73     2.133 54758.23475381 39.93 236.513007  46.247440 22.403
 73     2.636 54758.23475445 33.27 236.511747  46.250690 22.403
 73     1.673 54758.23475510 33.75 236.510487  46.253940 22.403
 73     0.715 54758.23475574 36.21 236.509227  46.257190 22.403
 73     1.778 54758.23475639 31.72 236.507967  46.260440 22.403
 73     1.213 54758.23475703 30.19 236.506707  46.263680 22.403
 73     1.813 54758.23475768 31.58 236.505447  46.266930 22.403
 73     1.067 54758.23475832 30.06 236.504187  46.270180 22.403
 73     1.571 54758.23475897 28.09 236.502927  46.273430 22.403
 74    10.304 54793.23472723 17.46 236.510661  46.232895 15.262
 74    10.865 54793.23472787 18.00 236.509401  46.236145 15.262
 74     9.197 54793.23472852 26.18 236.508141  46.239395 15.262
 74     5.238 54793.23472916 26.96 236.506881  46.242645 15.262
 74     9.981 54793.23472981 25.06 236.505621  46.245895 15.262
 74     8.805 54793.23473045 27.33 236.504360  46.249142  9.527
 74     7.885 54793.23473110 23.93 236.503100  46.252392  9.527
 74     4.531 54793.23473174 18.69 236.501830  46.255642  9.527
 74     5.105 54793.23473239 19.61 236.500570  46.258892  9.527
 74     5.482 54793.23473303 20.76 236.499310  46.262142  9.527
 74     2.227 54793.23473368 19.31 236.498050  46.265392  9.527
 74     1.540 54793.23473432 18.13 236.496790  46.268642  9.527
 74     1.801 54793.23473497 17.34 236.495520  46.271892  9.527
 75     2.634 54828.23474809 46.93 236.520109  46.225920 25.296
 75     1.371 54828.23474874 46.51 236.518849  46.229170 25.296
 75     1.922 54828.23474938 43.99 236.517589  46.232420 25.296
 75    -0.034 54828.23475003 48.93 236.516329  46.235670 25.296
 75    -0.022 54828.23475067 51.42 236.515069  46.238920 25.296
 75    -0.011 54828.23475132 53.77 236.513809  46.242170 25.296
 75    -0.059 54828.23475196 47.07 236.512549  46.245420 25.296
 75    -0.203 54828.23475260 52.01 236.511289  46.248670 25.296
 75    -0.076 54828.23475325 51.63 236.510029  46.251920 25.296
 75    -0.116 54828.23475389 51.65 236.508766  46.255170 17.826
 75    -0.254 54828.23475454 46.94 236.507506  46.258420 17.826
 75    -0.215 54828.23475518 46.94 236.506246  46.261670 17.826
 75    -0.232 54828.23475583 48.81 236.504986  46.264920 17.826
 75    -0.263 54828.23475647 48.84 236.503726  46.268170 17.826
 75    -0.179 54828.23475712 50.79 236.502466  46.271420 17.826
 76     7.247 54863.23472084 39.45 236.515468  46.229518 19.620
 76     7.914 54863.23472148 40.18 236.514208  46.232768 19.620
 76     7.050 54863.23472213 34.11 236.512948  46.236018 19.620
 76     7.801 54863.23472277 33.49 236.511688  46.239268 19.620
 76     7.264 54863.23472341 29.04 236.510428  46.242518 19.620
 76     6.825 54863.23472406 32.99 236.509168  46.245768 19.620
 76     3.099 54863.23472470 36.68 236.507901  46.249018 10.530
 76     5.465 54863.23472535 32.21 236.506641  46.252268 10.530
 76     4.535 54863.23472599 30.91 236.505381  46.255518 10.530
 76     3.902 54863.23472664 30.15 236.504121  46.258768 10.530
 76     2.257 54863.23472728 31.61 236.502861  46.262018 10.530
 76     1.569 54863.23472793 29.73 236.501601  46.265268 10.530
 76     1.263 54863.23472857 26.50 236.500341  46.268518 10.530
 76     1.702 54863.23472922 25.02 236.499071  46.271768 10.530
 77     9.107 54898.23474780 20.61 236.521095  46.226420 17.504
 77     8.635 54898.23474845 22.62 236.519835  46.229670 17.504
 77     6.899 54898.23474909 21.88 236.518575  46.232920 17.504
 77     5.473 54898.23474974 21.87 236.517315  46.236170 17.504
 77     7.965 54898.23475038 22.05 236.516055  46.239420 17.504
 77     7.518 54898.23475103 21.11 236.514795  46.242670 17.504
 77     8.369 54898.23475167 22.21 236.513535  46.245920 17.504
 77     5.558 54898.23475232 24.23 236.512275  46.249170 17.504
 77     7.513 54898.23475296 24.29 236.511015  46.252420 17.504
 77     4.049 54898.23475361 23.22 236.509758  46.255669  7.389
 77     3.173 54898.23475425 21.42 236.508498  46.258919  7.389
 77     3.480 54898.23475490 20.93 236.507238  46.262169  7.389
 77     3.095 54898.23475554 23.56 236.505978  46.265419  7.389
 77     3.912 54898.23475618 20.23 236.504718  46.268669  7.389
 77     1.615 54898.23475683 20.13 236.503458  46.271919  7.389
 78     8.546 54933.23471554 39.37 236.515602  46.229239 20.464
 78     9.685 54933.23471619 39.58 236.514342  46.232489 20.464
 78     7.480 54933.23471683 36.24 236.513082  46.235739 20.464
 78     9.094 54933.23471748 30.01 236.511822  46.238989 20.464
 78     7.207 54933.23471812 30.80 236.510562  46.242239 20.464
 78     7.319 54933.23471877 30.19 236.509302  46.245489 20.464
 78     5.423 54933.23471941 32.35 236.508042  46.248739 20.464
 78     6.139 54933.23472006 33.21 236.506776  46.251988 14.943
 78     2.916 54933.23472070 36.86 236.505516  46.255238 14.943
 78     2.624 54933.23472134 37.26 236.504256  46.258488 14.943
 78     2.132 54933.23472199 36.37 236.502996  46.261738 14.943
 78     3.016 54933.23472263 35.42 236.501736  46.264988 14.943
 78     2.417 54933.23472328 33.92 236.500476  46.268238 14.943
 78     3.061 54933.23472392 34.57 236.499216  46.271488 14.943
 79     7.637 54968.23474932 17.97 236.520615  46.225906 16.204
 79     9.160 54968.23474997 17.24 236.519355  46.229146 16.204
 79     8.384 54968.23475061 17.73 236.518095  46.232396 16.204
 79     8.822 54968.23475126 16.66 236.516835  46.235646 16.204
 79     7.098 54968.23475190 17.09 236.515575  46.238896 16.204
 79     9.557 54968.23475255 17.29 236.514315  46.242146 16.204
 79     9.211 54968.23475319 17.63 236.513055  46.245396 16.204
 79     5.334 54968.23475384 20.28 236.511795  46.248646 16.204
 79     4.670 54968.23475448 21.58 236.510535  46.251896 16.204
 79     7.728 54968.23475513 19.59 236.509273  46.255149  6.127
 79     3.866 54968.23475577 18.21 236.508013  46.258399  6.127
 79     2.547 54968.23475642 19.43 236.506753  46.261649  6.127
 79     2.679 54968.23475706 16.93 236.505493  46.264899  6.127
 79     1.751 54968.23475771 16.46 236.504233  46.268149  6.127
 79     1.519 54968.23475835 15.93 236.502973  46.271399  6.127
 81     7.579 55038.23475558 16.77 236.522555  46.225481 16.720
 81     8.004 55038.23475622 17.72 236.521295  46.228731 16.720
 81     3.977 55038.23475686 19.25 236.520035  46.231981 16.720
 81     5.795 55038.23475751 19.90 236.518775  46.235231 16.720
 81     4.312 55038.23475815 21.47 236.517515  46.238481 16.720
 81     3.019 55038.23475880 22.43 236.516255  46.241731 16.720
 81     3.024 55038.23475944 22.46 236.514995  46.244981 16.720
 81     2.605 55038.23476009 23.57 236.513735  46.248231 16.720
 81     2.325 55038.23476073 23.67 236.512475  46.251481 16.720
 81     2.709 55038.23476138 23.07 236.511215  46.254732  8.759
 81     1.662 55038.23476202 20.88 236.509955  46.257982  8.759
 81     1.107 55038.23476267 19.38 236.508695  46.261232  8.759
 81     0.883 55038.23476331 18.97 236.507435  46.264482  8.759
 81     0.829 55038.23476396 17.80 236.506175  46.267732  8.759
 81    -0.714 55038.23476460 20.12 236.504915  46.270982  8.759
 82     6.199 55073.23474326 20.05 236.519956  46.236292 18.399
 82     6.174 55073.23474391 19.35 236.518696  46.239542 18.399
 82     5.741 55073.23474455 20.61 236.517436  46.242792 18.399
 82     7.360 55073.23474520 19.83 236.516176  46.246042 18.399
 82     4.566 55073.23474584 21.27 236.514916  46.249292 18.399
 82     4.337 55073.23474649 24.73 236.513656  46.252542 18.399
 82     3.932 55073.23474713 22.41 236.512396  46.255792 18.399
 82     2.866 55073.23474778 18.49 236.511140  46.259045  5.868
 82     2.891 55073.23474842 16.90 236.509880  46.262295  5.868
 82     2.985 55073.23474907 16.80 236.508620  46.265545  5.868
 82     3.110 55073.23474971 15.87 236.507360  46.268795  5.868
 82     3.400 55073.23475036 15.57 236.506100  46.272045  5.868
 83     3.724 55108.23468890 19.91 236.514413  46.230053 17.761
 83     6.171 55108.23468955 20.35 236.513153  46.233303 17.761
 83     2.805 55108.23469019 28.90 236.511893  46.236553 17.761
 83     2.164 55108.23469084 35.83 236.510633  46.239803 17.761
 83     6.806 55108.23469148 38.78 236.509373  46.243053 17.761
 83     1.307 55108.23469213 34.95 236.508113  46.246303 17.761
 83     1.781 55108.23469277 34.72 236.506853  46.249553 17.761
 83     3.349 55108.23469342 28.48 236.505593  46.252803  8.636
 83     3.396 55108.23469406 25.62 236.504323  46.256053  8.636
 83     1.767 55108.23469471 21.22 236.503063  46.259303  8.636
 83     1.064 55108.23469535 23.70 236.501803  46.262553  8.636
 83     0.765 55108.23469600 24.81 236.500543  46.265803  8.636
 83     0.491 55108.23469664 18.60 236.499283  46.269053  8.636
 83    -0.488 55108.23469729 17.28 236.498023  46.272303  8.636
 84    10.562 55143.23469242 30.14 236.520999  46.226401 20.780
 84     9.334 55143.23469306 35.00 236.519739  46.229651 20.780
 84     8.752 55143.23469371 33.44 236.518479  46.232901 20.780
 84     7.655 55143.23469435 27.39 236.517219  46.236151 20.780
 84     4.445 55143.23469500 26.17 236.515959  46.239401 20.780
 84     5.127 55143.23469564 26.74 236.514699  46.242651 20.780
 84     4.012 55143.23469629 29.57 236.513439  46.245901 20.780
 84     3.647 55143.23469693 28.70 236.512179  46.249151 20.780
 84     3.604 55143.23469757 27.46 236.510919  46.252401 20.780
 84     3.126 55143.23469822 25.16 236.509662  46.255650  6.986
 84     2.171 55143.23469886 24.45 236.508402  46.258900  6.986
 84     4.393 55143.23469951 24.12 236.507142  46.262150  6.986
 84     1.526 55143.23470015 23.26 236.505882  46.265400  6.986
 84     2.004 55143.23470080 22.28 236.504622  46.268650  6.986
 84     1.284 55143.23470144 21.87 236.503352  46.271900  6.986
 85     9.654 55178.23466170 39.38 236.513049  46.231268 23.411
 85    10.457 55178.23466234 38.29 236.511789  46.234518 23.411
 85    10.401 55178.23466299 40.61 236.510529  46.237768 23.411
 85     9.221 55178.23466363 39.75 236.509269  46.241018 23.411
 85     8.529 55178.23466428 40.03 236.508009  46.244268 23.411
 85     4.484 55178.23466492 42.69 236.506749  46.247517 12.459
 85     6.866 55178.23466557 37.82 236.505479  46.250767 12.459
 85     5.339 55178.23466621 28.42 236.504219  46.254017 12.459
 85     2.707 55178.23466686 29.06 236.502959  46.257267 12.459
 85     3.938 55178.23466750 29.66 236.501699  46.260517 12.459
 85     2.025 55178.23466815 34.35 236.500439  46.263767 12.459
 85     2.543 55178.23466879 27.67 236.499179  46.267017 12.459
 85     2.791 55178.23466944 25.28 236.497909  46.270267 12.459
 86    10.835 55213.23468740 39.14 236.520545  46.227482 22.991
 86     9.062 55213.23468805 39.25 236.519285  46.230732 22.991
 86     7.219 55213.23468869 39.43 236.518025  46.233982 22.991
 86     8.915 55213.23468934 32.53 236.516765  46.237232 22.991
 86     6.637 55213.23468998 29.85 236.515505  46.240482 22.991
 86     9.536 55213.23469063 28.11 236.514245  46.243732 22.991
 86     4.211 55213.23469127 29.47 236.512985  46.246982 22.991
 86     4.365 55213.23469192 33.86 236.511725  46.250232 22.991
 86     6.664 55213.23469256 31.00 236.510465  46.253482 22.991
 86     1.519 55213.23469321 27.67 236.509204  46.256733  8.585
 86     2.190 55213.23469385 22.65 236.507944  46.259983  8.585
 86     1.487 55213.23469450 21.36 236.506684  46.263233  8.585
 86     1.732 55213.23469514 21.24 236.505424  46.266483  8.585
 86     0.656 55213.23469579 21.88 236.504164  46.269733  8.585
 86     0.980 55213.23469643 22.80 236.502904  46.272983  8.585
 87     8.926 55248.23466133 40.08 236.517333  46.228214 22.744
 87     9.947 55248.23466197 39.74 236.516073  46.231464 22.744
 87     9.225 55248.23466262 39.19 236.514813  46.234714 22.744
 87     9.270 55248.23466326 39.86 236.513553  46.237964 22.744
 87     9.496 55248.23466391 39.50 236.512293  46.241214 22.744
 87     7.452 55248.23466455 37.87 236.511033  46.244464 22.744
 87     8.619 55248.23466520 33.06 236.509773  46.247714 22.744
 87     8.229 55248.23466584 32.56 236.508513  46.250964 22.744
 87     7.802 55248.23466649 28.65 236.507255  46.254212 10.457
 87     2.413 55248.23466713 28.40 236.505985  46.257462 10.457
 87     3.278 55248.23466778 26.76 236.504725  46.260712 10.457
 87     2.649 55248.23466842 26.12 236.503465  46.263962 10.457
 87     1.929 55248.23466906 24.55 236.502205  46.267212 10.457
 87     0.095 55248.23466971 23.96 236.500945  46.270462 10.457
 88     9.269 55283.23468099 38.54 236.521776  46.226739 23.466
 88    10.308 55283.23468164 37.39 236.520516  46.229989 23.466
 88     9.455 55283.23468228 36.52 236.519256  46.233239 23.466
 88     8.615 55283.23468293 33.55 236.517996  46.236489 23.466
 88    11.056 55283.23468357 30.57 236.516736  46.239739 23.466
 88     8.151 55283.23468422 30.22 236.515476  46.242989 23.466
 88     7.909 55283.23468486 26.26 236.514216  46.246239 23.466
 88    10.336 55283.23468551 26.44 236.512956  46.249489 23.466
 88     3.936 55283.23468615 28.74 236.511696  46.252739 23.466
 88     5.264 55283.23468679 25.83 236.510440  46.255989  6.729
 88     4.014 55283.23468744 23.77 236.509180  46.259239  6.729
 88     2.711 55283.23468808 23.32 236.507920  46.262489  6.729
 88     2.644 55283.23468873 23.49 236.506660  46.265739  6.729
 88     3.568 55283.23468937 21.79 236.505400  46.268989  6.729
 88     2.847 55283.23469002 21.18 236.504140  46.272239  6.729
 89     7.730 55318.23465123 15.73 236.519767  46.225938 17.756
 89     8.643 55318.23465188 17.14 236.518507  46.229188 17.756
 89     8.075 55318.23465252 16.74 236.517247  46.232438 17.756
 89     7.811 55318.23465317 16.90 236.515987  46.235688 17.756
 89     7.217 55318.23465381 19.27 236.514727  46.238938 17.756
 89     8.879 55318.23465446 18.21 236.513467  46.242188 17.756
 89     9.509 55318.23465510 17.35 236.512207  46.245438 17.756
 89     4.258 55318.23465575 20.08 236.510947  46.248688 17.756
 89     3.628 55318.23465639 21.59 236.509689  46.251941  7.377
 89     3.163 55318.23465703 20.36 236.508429  46.255191  7.377
 89     2.474 55318.23465768 18.86 236.507169  46.258441  7.377
 89     3.903 55318.23465832 17.20 236.505909  46.261691  7.377
 89     2.912 55318.23465897 16.13 236.504649  46.264941  7.377
 89     2.293 55318.23465961 14.91 236.503389  46.268191  7.377
 89     1.274 55318.23466026 14.16 236.502119  46.271441  7.377
 90     6.538 55353.23465371 37.04 236.522081  46.226199 17.827
 90     6.083 55353.23465435 35.18 236.520821  46.229449 17.827
 90     5.151 55353.23465500 32.43 236.519561  46.232699 17.827
 90     5.194 55353.23465564 29.82 236.518301  46.235949 17.827
 90     5.352 55353.23465628 30.83 236.517041  46.239199 17.827
 90     5.715 55353.23465693 30.78 236.515781  46.242449 17.827
 90     5.676 55353.23465757 31.21 236.514521  46.245699 17.827
 90     4.547 55353.23465822 31.32 236.513261  46.248949 17.827
 90     4.674 55353.23465886 30.15 236.512001  46.252199 17.827
 90     6.199 55353.23465951 28.38 236.510743  46.255451  6.580
 90     3.393 55353.23466015 27.87 236.509483  46.258701  6.580
 90     3.075 55353.23466080 27.78 236.508223  46.261951  6.580
 90     2.315 55353.23466144 26.40 236.506963  46.265201  6.580
 90     1.990 55353.23466209 25.99 236.505703  46.268451  6.580
 90     2.735 55353.23466273 24.18 236.504443  46.271701  6.580
 91     3.598 55388.23465227 18.23 236.512750  46.231843 16.921
 91     3.387 55388.23465292 18.76 236.511490  46.235093 16.921
 91     3.705 55388.23465356 24.97 236.510230  46.238343 16.921
 91     3.352 55388.23465421 26.44 236.508970  46.241593 16.921
 91     3.068 55388.23465485 28.47 236.507710  46.244843 16.921
 91     3.209 55388.23465550 29.31 236.506450  46.248093 16.921
 91     5.771 55388.23465614 20.93 236.505182  46.251342  8.889
 91     2.362 55388.23465679 19.48 236.503922  46.254592  8.889
 91     2.128 55388.23465743 19.37 236.502662  46.257842  8.889
 91     2.471 55388.23465807 17.45 236.501402  46.261092  8.889
 91     3.202 55388.23465872 19.58 236.500142  46.264342  8.889
 91     1.699 55388.23465936 15.01 236.498882  46.267592  8.889
 91     0.503 55388.23466001 13.96 236.497622  46.270842  8.889
 92     3.280 55423.23467153 18.70 236.521844  46.226895  8.026
 92     2.878 55423.23467218 19.10 236.520582  46.230148 12.004
 92     4.162 55423.23467282 19.68 236.519322  46.233398 12.004
 92     2.555 55423.23467347 20.17 236.518062  46.236648 12.004
 92     2.158 55423.23467411 24.13 236.516802  46.239898 12.004
 92     2.278 55423.23467476 21.79 236.515542  46.243148 12.004
 92     2.135 55423.23467540 21.24 236.514282  46.246398 12.004
 92     2.167 55423.23467604 21.97 236.513022  46.249648 12.004
 92     2.063 55423.23467669 22.87 236.511762  46.252898 12.004
 92     1.859 55423.23467733 21.75 236.510502  46.256148 12.004
 92     0.096 55423.23467798 21.99 236.509242  46.259388 12.004
 92     0.829 55423.23467862 16.47 236.507982  46.262638 12.004
 92     0.354 55423.23467927 15.33 236.506722  46.265888 12.004
 92     0.355 55423.23467991 14.16 236.505462  46.269138 12.004
 92     0.257 55423.23468056 12.43 236.504202  46.272388 12.004
 93     1.685 55458.23464581 26.19 236.520448  46.238744 17.905
 93     1.567 55458.23464646 26.09 236.519188  46.241994 17.905
 93     0.933 55458.23465033 27.00 236.511631  46.261497  5.752
 93     1.219 55458.23465097 25.15 236.510371  46.264747  5.752
 93     1.479 55458.23465162 24.67 236.509111  46.267997  5.752
 93     1.724 55458.23465226 27.41 236.507851  46.271247  5.752
