-166718.665  1394.813     0.00  163.37
-166346.099  1360.797   -91.32  161.52
-165973.567  1375.777    40.22  145.75
-165601.071  1394.066    49.11  140.25
-165228.611  1417.277    62.33  125.08
-164856.185  1437.281    53.72  116.66
-164483.795  1430.186   -19.06  132.67
-164111.441  1421.153   -24.26  136.80
-163739.121  1414.900   -16.80  126.58
-163366.837  1415.495     1.60  114.33
-162994.589  1442.067    71.40  109.02
-162622.375  1421.727   -54.66  144.36
-162250.197  1344.138  -208.51  201.06
-161878.054  1277.428  -179.29  199.88
-161505.946  1208.441  -185.42  143.63
-161133.874  1206.749    -4.55  122.81
-160761.836  1248.191   111.41  157.40
-160389.834  1301.224   142.58  174.57
-160017.867  1322.156    56.28  148.14
-159645.936  1349.013    72.22  128.36
-159274.039  1373.768    66.57  132.26
-158902.178  1446.834   196.52  192.59
-158530.351  1523.340   205.79  220.10
-158158.560  1616.605   250.89  201.23
-157786.804  1683.346   179.56  165.99
-157415.083  1729.620   124.51  123.28
-157043.398  1755.744    70.30  131.86
-156671.747  1801.281   122.55  167.37
-156300.131  1839.167   101.97  192.16
-155928.551  1899.959   163.63  199.38
-155557.005  1942.994   115.85  179.99
-155185.495  1979.388    97.98  151.70
-154814.019  2017.441   102.46  115.56
-154442.579  2065.754   130.09  104.88
-154071.173  2147.281   219.54  109.18
-153699.803  2239.673   248.83  119.30
-153328.467  2358.740   320.70  145.86
-152957.167  2480.654   328.39  142.30
-152585.901  2623.235   384.10  152.09
-152214.671  2742.724   321.92  125.55
-151843.475  2867.906   337.29  140.58
-151472.314  2990.485   330.31  161.86
-151101.189  3120.763   351.09  208.64
-150730.098  3308.740   506.63  241.24
-150359.042  3453.346   389.77  256.82
-149988.020  3616.638   440.18  253.09
-149617.034  3721.795   283.50  246.59
-149246.083  3736.031    38.38  235.72
-148870.182  3704.805   -83.08  239.18
-148492.173  3604.227  -266.11  266.74
-148114.200  3449.286  -409.99  268.56
-147736.263  3281.513  -443.98  273.62
-147358.363  3085.013  -520.06  256.35
-146980.499  2944.758  -371.23  235.83
-146602.671  2758.558  -492.89  203.71
-146224.880  2613.859  -383.07  183.17
-145847.124  2488.888  -330.87  169.74
-145469.405  2360.881  -338.95  135.42
-145091.722  2254.334  -282.15  131.61
-144714.075  2137.754  -308.75  132.65
-144336.465  2020.358  -310.94  131.93
-143958.890  1901.674  -314.38  120.67
-143581.352  1807.109  -250.51  104.20
-143203.849  1716.566  -239.88  102.13
-142826.383  1635.476  -214.86   95.59
-142448.953  1551.441  -222.68  122.16
-142071.559  1430.245  -321.19  160.14
-141694.201  1327.122  -273.32  169.24
-141316.879  1243.120  -222.66  136.62
-140939.594  1189.244  -142.82  101.96
-140562.344  1189.846     1.60  102.11
-140185.130  1166.828   -61.03  108.73
-139807.952  1184.352    46.47  117.24
-139430.811  1269.781   226.55  199.25
-139053.705  1365.377   253.53  217.96
-138676.635  1505.122   370.66  147.10
-138299.601  1540.937    95.01  112.62
-137922.604  1523.272   -46.86  115.21
-137545.642  1463.143  -159.53  114.62
-137168.716  1397.316  -174.66  112.66
-136791.826  1346.494  -134.86  103.31
-136414.971  1315.631   -81.91   90.04
-136038.153  1313.722    -5.07   78.17
-135661.371  1301.673   -31.98   86.15
-135284.624  1266.816   -92.53   90.43
-134907.914  1239.900   -71.46   82.49
-134531.239  1278.049   101.29  101.03
-134154.600  1316.977   103.37   89.40
-133777.997  1316.420    -1.48   91.96
-133401.429  1254.816  -163.62  131.86
-133024.898  1161.051  -249.06  165.44
-132648.402  1073.709  -232.02  185.67
-132271.942   984.244  -237.68  185.75
-131895.518   895.795  -235.00  144.44
-131519.129   830.050  -174.70   77.70
-131142.776   815.791   -37.89   57.79
-130766.459   839.441    62.86   75.54
-130390.178   901.686   165.44  105.69
-130013.932   975.241   195.52  110.84
-129637.722  1026.532   136.35   95.14
-129261.548  1043.013    43.82   82.61
-128885.409  1050.686    20.40   76.67
-128509.307  1055.316    12.31   73.88
-128133.239  1069.107    36.68   73.95
-127757.208  1091.239    58.86   79.55
-127381.211  1124.904    89.55   89.30
-127005.251  1172.013   125.32   91.99
-126629.326  1208.656    97.49   92.99
-126253.437  1228.605    53.08   96.08
-125877.583  1236.924    22.13   92.49
-125501.765  1236.486    -1.17   89.87
-125125.982  1189.383  -125.36  112.56
-124750.235  1091.388  -260.83  156.90
-124374.524   992.428  -263.43  146.30
-123998.848   946.067  -123.42   90.93
-123623.207   950.503    11.81   93.68
-123247.602  1007.346   151.36  122.72
-122872.032  1058.940   137.39  113.45
-122496.498  1092.867    90.36  114.77
-122120.999  1147.638   145.88  119.18
-121745.536  1200.198   140.00  130.09
-121370.108  1258.267   154.69  109.07
-120994.716  1308.071   132.69   86.05
-120619.359  1345.449    99.59   98.85
-120244.037  1388.550   114.85  110.83
-119868.751  1422.566    90.65   99.31
-119493.500  1424.217     4.40  110.89
-119118.285  1390.920   -88.75  133.21
-118743.105  1349.102  -111.47  124.96
-118367.960  1340.955   -21.72  106.23
-117992.850  1330.245   -28.56   91.29
-117617.776  1304.409   -68.89  101.47
-117242.737  1306.340     5.15  103.46
-116867.734  1325.624    51.43   83.48
-116492.765  1331.485    15.63   72.23
-116117.832  1302.656   -76.90   84.52
-115742.934  1255.900  -124.73   84.10
-115368.072  1191.577  -171.61  128.48
-114993.244  1137.778  -143.55  179.37
-114618.452   988.595  -398.09  240.50
-114243.695   769.541  -584.59  250.78
-113868.973   563.995  -548.59  231.07
-113494.287   398.503  -441.73  160.62
-113119.635   309.834  -236.70   85.73
-112745.019   267.735  -112.39    9.06
-112370.438   266.698    -2.77    4.33
-111995.892   267.745     2.80    4.68
-111621.381   275.205    19.92   21.89
-111246.906   300.745    68.21   45.28
-110872.465   345.180   118.68   71.02
-110498.059   410.013   173.18   84.72
-110123.689   473.995   170.93   85.62
-109749.353   522.051   128.39   72.18
-109375.053   570.406   129.20   78.19
-109000.788   601.183    82.24   70.42
-108626.557   606.828    15.09   65.46
-108252.362   595.817   -29.43   75.00
-107878.202   549.122  -124.81   69.98
-107504.077   521.624   -73.51   55.56
-107129.986   496.031   -68.42   35.26
-106755.931   497.457     3.81   36.23
-106381.911   505.883    22.53   52.87
-106007.925   514.649    23.44   63.19
-105633.975   521.711    18.89   68.64
-105260.059   532.674    29.32   65.14
-104886.179   544.164    30.74   64.76
-104512.333   577.531    89.26   94.43
-104138.522   611.486    90.84  101.80
-103764.746   619.888    22.48  120.66
-103391.005   585.620   -91.70  147.51
-103017.299   521.883  -170.57  145.54
-102643.627   457.299  -172.86  100.19
-102269.991   424.692   -87.28   51.15
-101896.389   445.299    55.16   70.70
-101522.822   483.876   103.28   89.14
-101149.290   529.124   121.15  105.38
-100775.793   594.939   176.23  126.29
-100402.330   658.441   170.05  142.73
-100028.902   719.254   162.87  139.80
 -99655.509   765.605   124.15  130.17
 -99282.151   798.957    89.34  113.36
 -98908.827   836.590   100.81   98.24
 -98535.538   877.584   109.83   84.28
 -98162.284   901.590    64.32   71.72
 -97789.065   924.102    60.33   59.91
 -97415.880   942.031    48.05   49.06
 -97042.730   959.799    47.62   46.46
 -96669.614   991.140    84.01   49.96
 -96296.534  1023.758    87.44   53.17
 -95923.487  1042.316    49.75   44.77
 -95550.476  1060.900    49.82   36.85
 -95177.499  1089.013    75.38   47.20
 -94804.557  1123.263    91.85   58.60
 -94431.649  1158.504    94.51   61.47
 -94058.776  1199.531   110.04   65.07
 -93685.937  1251.449   139.26   96.15
 -93313.133  1311.686   161.59  114.39
 -92940.364  1360.328   130.50  109.43
 -92567.629  1412.782   140.74   92.20
 -92194.928  1417.976    13.94   81.37
 -91822.262  1382.698   -94.67  114.07
 -91449.631  1306.147  -205.45  161.43
 -91077.034  1213.995  -247.35  132.48
 -90704.472  1177.366   -98.33   92.16
 -90331.944  1193.763    44.02   71.68
 -89959.450  1232.180   103.14   60.38
 -89586.991  1265.105    88.41   49.82
 -89214.567  1287.388    59.84   61.13
 -88842.176  1289.088     4.57   65.65
 -88469.821  1261.316   -74.59   77.35
 -88097.499  1220.598  -109.37   80.87
 -87725.212  1146.031  -200.31   86.31
 -87352.960  1092.052  -145.02   84.07
 -86980.741  1073.649   -49.45   70.04
 -86608.557  1098.352    66.38   84.25
 -86236.408  1162.413   172.15   97.68
 -85864.293  1219.680   153.91   73.99
 -85492.212  1243.102    62.96   62.87
 -85120.165  1241.975    -3.03   59.02
 -84748.153  1223.824   -48.80   50.19
 -84376.175  1221.340    -6.68   43.92
 -84004.231  1214.109   -19.44   42.93
 -83632.322  1220.213    16.41   53.76
 -83260.446  1225.126    13.21   56.77
 -82888.606  1220.138   -13.42   44.10
 -82516.799  1214.220   -15.92   35.75
 -82145.026  1183.532   -82.55   55.25
 -81773.288  1150.924   -87.73   63.29
 -81401.584  1127.605   -62.74   62.94
 -81029.914  1107.722   -53.50   62.30
 -80658.278  1091.334   -44.10   78.22
 -80286.677  1049.267  -113.21   90.57
 -79915.109   979.444  -187.93   83.09
 -79543.576   936.883  -114.56   75.25
 -79172.077   918.824   -48.62   84.81
 -78800.612   933.941    40.70  106.89
 -78429.181   988.447   146.76  117.09
 -78057.784  1040.995   141.50  119.13
 -77686.421  1091.698   136.54  107.28
 -77315.093  1128.772    99.85   70.74
 -76943.798  1127.799    -2.62   56.51
 -76572.537  1103.895   -64.39   64.86
 -76201.311  1062.638  -111.15   71.40
 -75830.118  1018.186  -119.76   68.03
 -75458.960   991.902   -70.82   61.93
 -75087.836   967.897   -64.68   71.77
 -74716.745   947.636   -54.61   93.14
 -74345.689   914.390   -89.60  116.63
 -73970.198   887.267   -72.24  126.69
 -73592.267   892.763    14.54  116.19
 -73214.371   891.220    -4.08  104.46
 -72836.510   911.104    52.62   86.48
 -72458.684   929.321    48.22   68.73
 -72080.894   927.828    -3.95   63.96
 -71703.139   918.531   -24.61   62.77
 -71325.419   883.584   -92.53   81.30
 -70947.735   845.878   -99.84   92.61
 -70570.086   799.522  -122.76  109.89
 -70192.472   755.459  -116.70  119.37
 -69814.893   730.821   -65.26  113.23
 -69437.350   705.602   -66.80   99.85
 -69059.841   681.050   -65.04   83.95
 -68682.368   636.902  -116.97   93.50
 -68304.930   555.831  -214.81  112.57
 -67927.528   502.202  -142.11   91.37
 -67550.160   473.067   -77.21   74.28
 -67172.828   455.444   -46.71   54.05
 -66795.531   453.191    -5.97   55.95
 -66418.268   460.698    19.90   58.93
 -66041.042   467.032    16.79   63.54
 -65663.850   507.888   108.32   82.96
 -65286.693   552.494   118.28   85.35
 -64909.571   594.799   112.19   76.17
 -64532.485   622.224    72.74   55.45
 -64155.433   605.813   -43.53   62.80
 -63778.416   560.698  -119.67   67.49
 -63401.435   523.447   -98.82   57.36
 -63024.488   494.886   -75.77   49.57
 -62647.577   476.277   -49.37   42.96
 -62270.701   453.791   -59.67   37.25
 -61893.859   440.453   -35.40   28.92
 -61517.053   447.486    18.67   31.42
 -61140.281   466.643    50.85   44.21
 -60763.545   489.439    60.51   37.51
 -60386.843   502.447    34.53   34.17
 -60010.176   515.180    33.81   43.75
 -59633.544   534.661    51.73   56.17
 -59256.948   559.167    65.08   58.78
 -58880.386   585.691    70.44   46.32
 -58503.859   572.346   -35.45   65.63
 -58127.366   524.709  -126.54  104.25
 -57750.909   440.768  -222.99  122.95
 -57374.487   357.673  -220.76   94.97
 -56998.099   311.013  -123.98   42.48
 -56621.746   311.513     1.33   37.53
 -56245.428   359.584   127.75   70.20
 -55869.145   429.922   186.94   99.19
 -55492.897   512.667   219.93  123.12
 -55116.683   622.013   290.66  137.90
 -54740.504   686.476   171.37  119.58
 -54364.360   728.406   111.48  113.19
 -53988.251   745.090    44.36  117.06
 -53612.176   758.316    35.17  107.31
 -53236.136   750.843   -19.87   99.70
 -52860.131   708.571  -112.43  116.23
 -52484.161   644.209  -171.20  113.66
 -52108.225   622.636   -57.39   98.96
 -51732.324   642.049    51.65   99.69
 -51356.457   701.974   159.44   86.97
 -50980.626   772.291   187.10   79.22
 -50604.828   828.282   149.00   70.82
 -50229.066   851.050    60.59   55.86
 -49853.338   870.124    50.77   46.51
 -49477.645   877.735    20.26   54.91
 -49101.986   898.126    54.28   57.08
 -48726.362   915.605    46.54   44.57
 -48350.773   910.457   -13.71   56.71
 -47975.218   882.705   -73.90   68.58
 -47599.697   853.370   -78.12   71.25
 -47224.212   848.920   -11.85   67.29
 -46848.760   823.459   -67.82   78.36
 -46473.344   796.617   -71.50   88.44
 -46097.961   758.315  -102.04  108.47
 -45722.614   697.467  -162.12  108.32
 -45347.300   671.093   -70.28   93.43
 -44972.022   676.995    15.73   86.28
 -44596.777   701.352    64.91   90.67
 -44221.567   730.831    78.57   84.95
 -43846.392   760.957    80.30   78.69
 -43471.251   776.352    41.04   71.84
 -43096.144   805.352    77.31   62.69
 -42721.072   827.975    60.32   52.04
 -42346.034   851.174    61.86   55.37
 -41971.031   888.609    99.83   70.43
 -41596.062   961.540   194.51  115.69
 -41221.127  1014.124   140.25   98.45
 -40846.227   995.636   -49.32  112.22
 -40471.361   904.358  -243.50  167.10
 -40096.530   808.730  -255.13  131.92
 -39721.732   789.140   -52.27  111.03
 -39346.969   787.617    -4.06  114.53
 -38972.241   806.939    51.56   93.07
 -38597.546   837.805    82.38   97.20
 -38222.886   823.322   -38.66  120.42
 -37848.260   802.522   -55.52  155.57
 -37473.668   769.334   -88.60  159.66
 -37099.111   735.975   -89.07  121.39
 -36724.588   761.673    68.62  128.85
 -36350.099   883.906   326.41  180.44
 -35975.644  1014.282   348.19  170.06
 -35601.224  1097.834   223.16  128.33
 -35226.837  1113.365    41.48  114.86
 -34852.485  1058.377  -146.89  149.92
 -34478.167   938.013  -321.57  122.46
 -34103.883   857.371  -215.46   92.37
 -33729.634   801.084  -150.40   95.59
 -33355.418   761.542  -105.67   91.64
 -32981.236   722.816  -103.50   92.36
 -32607.089   688.147   -92.66   76.71
 -32232.976   703.867    42.02   98.51
 -31858.897   755.661   138.46  134.26
 -31484.851   797.895   112.92  114.89
 -31110.840   800.177     6.10  103.75
 -30736.863   747.428  -141.05  124.62
 -30362.920   666.828  -215.55  109.40
 -29989.011   630.953   -95.95   77.98
 -29615.136   644.768    36.95   92.16
 -29241.296   694.551   133.17  115.59
 -28867.489   728.402    90.56  108.22
 -28493.716   763.661    94.34  103.12
 -28119.977   797.799    91.34   98.76
 -27746.272   832.660    93.29   99.33
 -27372.601   877.532   120.09   92.18
 -26998.964   918.485   109.61   97.60
 -26625.360   945.897    73.38  100.10
 -26251.791   913.940   -85.55  127.72
 -25878.256   884.738   -78.18  125.66
 -25504.754   866.352   -49.23  131.51
 -25131.287   867.309     2.56  132.36
 -24757.853   909.624   113.32  114.60
 -24384.453   949.406   106.54   95.67
 -24011.087   956.051    17.80   91.87
 -23637.755   927.941   -75.29  118.25
 -23264.457   856.821  -190.52  137.64
 -22891.192   750.420  -285.06  143.28
 -22517.961   680.801  -186.53  111.54
 -22144.764   703.786    61.59  108.68
 -21771.601   734.881    83.33  123.47
 -21398.472   751.994    45.87  123.41
 -21025.376   757.740    15.40  132.02
 -20652.315   749.744   -21.44  123.04
 -20279.287   770.390    55.35  115.20
 -19906.292   834.433   171.70  118.24
 -19533.332   857.920    62.98  105.85
 -19160.405   873.359    41.40   91.00
 -18787.511   841.584   -85.21  109.77
 -18414.652   777.692  -171.36  115.51
 -18041.826   727.959  -133.40  106.92
 -17669.034   670.428  -154.33   95.76
 -17296.275   632.420  -101.97   77.02
 -16923.551   614.831   -47.19   64.05
 -16550.859   616.052     3.28   58.93
 -16178.202   608.698   -19.73   59.56
 -15805.578   572.553   -97.00   59.77
 -15432.987   535.067  -100.61   52.09
 -15060.430   500.183   -93.64   49.22
 -14687.907   466.636   -90.06   59.88
 -14315.417   430.263   -97.65   55.16
 -13942.961   407.763   -60.41   48.68
 -13570.539   389.904   -47.95   43.41
 -13198.150   379.805   -27.12   39.51
 -12825.794   367.791   -32.27   36.15
 -12453.472   352.299   -41.61   39.72
 -12081.184   337.346   -40.16   38.13
 -11708.929   319.296   -48.49   43.68
 -11336.707   299.605   -52.90   48.12
 -10964.519   281.124   -49.66   50.71
 -10592.365   266.709   -38.73   44.38
 -10220.243   254.699   -32.28   41.50
  -9848.156   247.673   -18.88   40.69
  -9476.101   241.636   -16.23   38.22
  -9104.081   240.749    -2.38   39.18
  -8732.093   230.281   -28.14   47.80
  -8360.139   218.593   -31.42   52.22
  -7988.218   201.888   -44.92   47.67
  -7616.331   176.828   -67.39   40.25
  -7244.477   153.940   -61.55   34.10
  -6872.657   142.254   -31.43   28.17
  -6500.869   140.571    -4.53   35.41
  -6129.115   143.209     7.10   38.25
  -5757.395   163.956    55.81   51.43
  -5385.708   206.883   115.49   69.23
  -5014.054   249.532   114.75   59.70
  -4642.433   275.068    68.72   33.73
  -4270.846   283.430    22.50   22.65
  -3899.291   266.050   -46.78   32.09
  -3527.771   245.390   -55.61   33.42
  -3156.283   219.431   -69.88   43.00
  -2784.828   201.485   -48.31   40.42
  -2413.407   197.031   -11.99   42.88
  -2042.019   203.090    16.31   44.17
  -1670.665   209.013    15.95   31.20
  -1299.343   183.346   -69.12   51.79
   -928.055   133.436  -134.42   79.86
   -556.799    71.558  -166.67   82.30
   -185.577    22.542  -132.04   53.66
    185.612    -3.916   -71.28   14.84
    556.767    -6.783    -7.73    3.14
    931.917     1.183    21.23   23.55
   1309.776    31.745    80.88   67.55
   1687.600    86.464   144.83  100.22
   2065.390   155.322   182.27  107.14
   2443.146   214.186   155.83   78.05
   2820.867   239.088    65.93   48.77
   3198.554   244.692    14.84   25.26
   3576.206   235.013   -25.63   27.20
   3953.824   222.138   -34.10   28.46
   4331.408   216.840   -14.03   26.44
   4708.957   225.087    21.84   33.65
   5086.472   234.032    23.70   35.15
   5463.953   233.560    -1.25   35.09
   5841.399   216.365   -45.56   41.82
   6218.811   194.109   -58.97   36.44
   6596.189   167.158   -71.42   50.14
   6973.533   142.359   -65.72   57.37
   7350.842   155.513    34.86   63.90
   7728.117   162.778    19.26   63.97
   8105.358   183.571    55.12   53.50
   8482.565   203.809    53.65   38.47
   8859.737   205.457     4.37   34.87
   9236.876   181.862   -62.56   61.94
   9613.980   146.307   -94.28   77.12
   9991.050   112.217   -90.41   58.02
  10368.085   104.385   -20.77   43.68
  10745.087   133.371    76.88   52.30
  11122.054   172.217   103.05   37.24
  11498.988   192.568    53.99   26.02
  11875.887   207.571    39.80   10.44
  12252.752   211.915    11.53    4.29
  12629.583   212.902     2.62    4.78
  13006.380   213.824     2.45    6.21
  13383.142   214.395     1.51    7.53
  13759.871   214.321    -0.20    8.91
  14136.566   215.013     1.84    9.13
  14513.226   215.088     0.20    9.88
  14889.853   215.571     1.28   11.18
  15266.446   216.254     1.81    9.22
  15643.004   214.590    -4.42    8.50
  16019.529   211.495    -8.22    8.80
  16396.019   209.334    -5.74    8.70
  16772.476   206.661    -7.10    9.33
  17148.899   208.862     5.85   10.71
  17525.287   211.579     7.22   13.20
  17901.642   214.886     8.79   14.00
  18277.963   221.738    18.21   13.55
  18654.250   228.477    17.91   14.34
  19030.503   234.239    15.31   14.54
  19406.722   238.031    10.08   15.19
  19782.907   239.831     4.78   13.76
  20159.058   237.229    -6.92   18.40
  20535.176   229.704   -20.01   25.33
  20911.259   217.453   -32.57   29.88
  21287.309   209.031   -22.39   25.03
  21663.325   208.937    -0.25   19.54
  22039.307   213.183    11.29   15.92
  22415.255   211.388    -4.77   17.61
  22791.170   203.282   -21.56   29.37
  23167.050   184.395   -50.25   36.79
  23542.897   162.801   -57.45   34.42
  23918.711   146.494   -43.39   23.07
  24294.490   134.955   -30.71   12.38
  24670.236   126.934   -21.35   15.23
  25045.947   122.395   -12.08   14.60
  25421.626   119.883    -6.68   12.48
  25797.270   129.692    26.11   26.34
  26172.881   138.131    22.47   28.09
  26548.458   141.975    10.24   27.40
  26924.001   140.378    -4.25   22.39
  27299.511   134.390   -15.95   11.10
  27674.987   132.503    -5.02    6.70
  28050.429   131.994    -1.36    8.52
  28425.838   133.183     3.17   11.23
  28801.213   133.052    -0.35   10.69
  29176.555   131.334    -4.58    9.09
  29551.863   130.523    -2.16    9.99
  29927.137   133.371     7.59   15.77
  30302.378   141.919    22.78   22.84
  30677.585   150.722    23.46   25.74
  31052.759   166.327    41.59   26.74
  31427.899   185.147    50.17   25.10
  31803.005   211.420    70.04   33.90
  32178.078   235.686    64.69   33.72
  32553.118   257.104    57.11   30.07
  32928.123   269.974    34.32   25.62
  33303.096   278.174    21.87   22.27
  33678.035   286.881    23.22   17.92
  34052.940   289.315     6.49   17.74
  34427.812   280.431   -23.70   31.72
  34802.651   262.032   -49.08   45.10
  35177.456   244.346   -47.19   46.31
  35552.228   233.699   -28.41   42.41
  35926.966   241.104    19.76   46.50
  36301.671   253.439    32.92   45.26
  36676.342   254.711     3.40   40.75
  37050.981   252.584    -5.68   36.94
  37425.585   250.975    -4.30   35.37
  37800.157   264.558    36.26   36.50
  38174.695   283.936    51.74   31.17
  38549.199   299.698    42.09   15.98
  38923.670   309.147    25.23   10.36
  39298.108   315.052    15.77   13.28
  39672.513   315.870     2.18   14.79
  40046.884   314.628    -3.32   16.71
  40421.222   318.267     9.72   19.28
  40795.527   319.859     4.25   23.85
  41169.799   323.365     9.37   25.58
  41544.037   320.700    -7.12   23.11
  41918.242   302.258   -49.28   28.84
  42292.414   285.801   -43.98   26.52
  42666.552   276.917   -23.75   20.25
  43040.658   273.359    -9.51   15.66
  43414.730   285.128    31.46   22.27
  43788.769   299.107    37.37   24.95
  44162.774   309.825    28.66   20.63
  44536.747   314.828    13.38   16.93
  44910.686   319.628    12.84   22.63
  45284.592   326.340    17.95   32.94
  45658.465   340.551    38.01   44.47
  46032.305   358.459    47.90   51.69
  46406.112   375.032    44.33   47.79
  46779.886   386.378    30.35   45.07
  47153.626   395.654    24.82   36.95
  47527.334   395.801     0.39   35.50
  47901.008   409.086    35.55   46.89
  48274.650   430.483    57.27   55.59
  48648.258   451.352    55.85   54.43
  49021.833   470.220    50.50   44.55
  49395.376   476.730    17.43   38.55
  49768.885   485.704    24.02   35.43
  50142.361   500.051    38.41   34.71
  50515.804   517.263    46.09   33.83
  50889.214   524.773    20.11   43.09
  51262.591   524.420    -0.94   45.71
  51635.936   523.994    -1.14   41.66
  52009.247   522.186    -4.84   30.73
  52382.525   512.809   -25.12   38.02
  52755.771   484.859   -74.88   56.15
  53128.983   433.395  -137.89   71.74
  53502.162   395.397  -101.81   60.21
  53875.309   381.143   -38.20   44.92
  54248.423   380.287    -2.29   51.26
  54621.503   413.128    88.02   56.90
  54994.551   459.778   125.04   65.10
  55367.566   506.532   125.34   76.47
  55740.549   563.466   152.64   71.88
  56113.498   606.334   114.94   57.97
  56486.414   633.503    72.85   46.11
  56859.298   645.474    32.10   47.07
  57232.149   654.786    24.97   44.71
  57604.967   648.052   -18.06   42.28
  57977.752   634.587   -36.12   37.07
  58350.505   604.315   -81.21   52.84
  58723.224   567.631   -98.42   59.12
  59095.911   554.692   -34.72   54.35
  59468.565   571.959    46.33   70.90
  59841.187   622.503   135.64   76.52
  60213.775   667.917   121.88   50.74
  60586.331   686.291    49.32   32.89
  60958.855   672.733   -36.39   56.89
  61331.345   617.568  -148.09   97.38
  61703.803   545.268  -194.11   93.33
  62076.228   517.867   -73.57   75.14
  62448.621   535.107    46.29  100.57
  62820.981   597.801   168.36  106.27
  63193.308   666.595   184.75   84.29
  63565.602   705.088   103.39   69.82
  63937.864   726.959    58.75   58.39
  64310.094   718.013   -24.03   66.10
  64682.290   671.068  -126.12   87.68
  65054.454   633.782  -100.18   87.31
  65426.586   607.654   -70.21   79.44
  65798.685   593.202   -38.84   84.53
  66170.751   577.385   -42.51   78.05
  66542.785   524.291  -142.71   81.10
  66914.786   466.862  -154.37   72.77
  67286.755   410.609  -151.22   67.56
  67658.691   394.109   -44.36   52.40
  68030.595   413.051    50.93   68.29
  68402.466   455.867   115.13   80.14
  68774.305   506.711   136.73   58.89
  69146.111   545.071   103.16   38.99
  69517.884   567.846    61.26   38.39
  69889.626   603.974    97.18   57.37
  70261.334   653.727   133.84   77.93
  70633.011   724.562   190.57   83.15
  71004.655   790.090   176.31   71.23
  71376.266   842.126   140.02   45.37
  71747.845   857.937    42.55   36.73
  72119.392   826.249   -85.28   77.24
  72490.906   776.053  -135.10   85.63
  72862.388   755.924   -54.18   76.40
  73233.838   760.897    13.39   85.20
  73605.255   792.831    85.97   85.65
  73976.640   837.994   121.60   69.59
  74347.992   864.503    71.38   61.41
  74719.312   858.156   -17.09   58.66
  75090.600   847.107   -29.76   61.82
  75461.855   846.477    -1.70   57.80
  75836.732   854.621    21.72   58.09
  76214.519   843.791   -28.66   72.48
  76592.272   807.205   -96.84  102.76
  76969.992   737.895  -183.48  104.24
  77347.679   681.674  -148.85   54.67
  77725.332   665.956   -41.62   31.49
  78102.951   676.291    27.37   33.60
  78480.537   698.667    59.26   34.21
  78858.089   738.180   104.65   61.07
  79235.609   803.359   172.64   96.40
  79613.094   870.150   176.92  104.45
  79990.546   933.795   168.60   77.79
  80367.965   972.974   103.80   51.83
  80745.350   960.371   -33.39   58.44
  81122.702   937.878   -59.60   60.65
  81500.021   920.090   -47.14   44.45
  81877.306   919.673    -1.10   40.13
  82254.558   936.915    45.70   42.38
  82631.776   951.649    39.06   32.92
  83008.961   944.598   -18.69   46.15
  83386.113   886.976  -152.77   97.42
  83763.231   818.713  -181.00  106.38
  84140.317   737.673  -214.89  106.67
  84517.368   661.371  -202.35   67.87
  84894.387   614.340  -124.74   59.49
  85271.372   567.177  -125.10   66.86
  85648.324   519.636  -126.11   70.03
  86025.243   455.598  -169.88   79.55
  86402.128   399.700  -148.30   70.44
  86778.980   337.805  -164.23   73.55
  87155.799   301.301   -96.87   51.68
  87532.585   311.428    26.87   59.84
  87909.338   363.457   138.09   85.86
  88286.057   421.167   153.18   77.19
  88662.743   469.692   128.81   54.06
  89039.396   475.450    15.29   46.09
  89416.016   428.397  -124.92   71.34
  89792.603   370.974  -152.47   83.22
  90169.156   306.128  -172.19   66.94
  90545.677   255.571  -134.26   44.92
  90922.164   231.090   -65.02   22.71
  91298.618   225.647   -14.46   12.83
  91675.039   233.930    22.00   19.87
  92051.427   251.209    45.90   24.42
  92427.782   280.975    79.08   40.99
  92804.104   317.334    96.61   52.31
  93180.393   365.385   127.69   62.35
  93556.649   416.876   136.84   56.13
  93932.871   462.821   122.11   45.99
  94309.061   498.543    94.95   32.63
  94685.218   504.409    15.59   27.16
  95061.341   500.321   -10.87   34.16
  95437.432   496.067   -11.31   49.57
  95813.490   491.189   -12.97   65.70
  96189.514   486.321   -12.95   76.94
  96565.506   469.897   -43.68   67.75
  96941.465   446.405   -62.48   53.77
  97317.391   400.786  -121.34   61.69
  97693.284   360.436  -107.34   71.25
  98069.143   338.940   -57.19   64.60
  98444.971   352.091    34.99   79.92
  98820.765   409.352   152.36  100.83
  99196.526   489.609   213.56   87.11
  99572.254   550.282   161.46   61.21
  99947.950   592.768   113.07   49.23
 100323.613   621.667    76.92   44.67
 100699.242   652.745    82.73   44.82
 101074.839   689.268    97.23   42.62
 101450.404   715.474    69.77   41.64
 101825.935   750.937    94.42   47.09
 102201.433   790.417   105.13   55.74
 102576.899   845.420   146.48   83.34
 102952.332   913.150   180.39   90.57
 103327.732   985.709   193.26   97.20
 103703.100  1070.532   225.95   86.16
 104078.434  1110.164   105.58   66.83
 104453.736  1085.843   -64.80  100.70
 104829.005  1043.744  -112.17  113.48
 105204.242  1019.286   -65.17   99.33
 105579.445  1022.553     8.71   99.87
 105954.617  1069.852   126.06   99.43
 106329.755  1111.397   110.73   68.32
 106704.861  1098.358   -34.76   69.05
 107079.933  1050.126  -128.58   61.72
 107454.974  1008.444  -111.13   57.34
 107829.981   971.886   -97.48   58.47
 108204.957   940.953   -82.48   67.88
 108579.899   866.286  -199.12  107.28
 108954.809   776.167  -240.35  128.48
 109329.686   681.161  -253.40  129.13
 109704.530   577.843  -275.60   86.71
 110079.342   521.397  -150.58   60.09
 110454.122   484.924   -97.31   42.60
 110828.869   453.660   -83.42   42.58
 111203.583   418.704   -93.28   52.44
 111578.265   401.680   -45.43   47.09
 111952.914   398.428    -8.68   40.45
 112327.531   414.975    44.17   41.29
 112702.115   441.609    71.09   31.23
 113076.666   457.941    43.60   24.80
 113451.185   473.071    40.39   22.96
 113825.672   483.457    27.73   25.93
 114200.126   496.013    33.53   26.93
 114574.548   507.346    30.27   30.20
 114948.937   526.513    51.19   28.70
 115323.294   545.974    51.98   35.14
 115697.618   568.031    58.92   40.66
 116071.910   580.859    34.27   42.64
 116446.170   607.977    72.45   55.03
 116820.397   643.090    93.82   66.66
 117194.592   683.309   107.47   67.55
 117568.754   709.471    69.91   51.14
 117942.884   723.503    37.50   36.94
 118316.982   734.371    29.05   34.80
 118691.047   750.571    43.30   36.65
 119065.080   765.577    40.11   39.83
 119439.081   761.147   -11.84   51.03
 119813.049   756.859   -11.47   60.52
 120186.985   741.930   -39.92   70.60
 120560.889   726.856   -40.31   58.40
 120934.760   713.150   -36.65   52.05
 121308.599   698.719   -38.60   51.56
 121682.406   669.628   -77.81   63.49
 122056.180   633.937   -95.48   71.53
 122429.923   599.593   -91.88   62.08
 122803.633   571.581   -74.95   38.56
 123177.311   551.013   -55.04   31.79
 123550.956   537.659   -35.74   41.45
 123924.570   517.513   -53.91   43.63
 124298.151   500.359   -45.91   46.60
 124671.700   489.013   -30.37   49.30
 125045.217   476.955   -32.28   45.23
 125418.701   464.378   -33.67   47.79
 125792.154   461.590    -7.47   37.89
 126165.574   459.878    -4.58   33.50
 126538.963   472.346    33.39   29.38
 126912.319   489.111    44.90   31.31
 127285.643   500.809    31.33   36.23
 127658.935   506.263    14.61   39.15
 128032.194   495.388   -29.13   51.87
 128405.422   466.782   -76.63   60.22
 128778.618   430.560   -97.05   56.47
 129151.781   391.956  -103.44   44.54
 129524.913   364.393   -73.86   45.50
 129898.012   319.087  -121.42   59.77
 130271.079   271.013  -128.84   64.67
 130644.115   224.656  -124.25   58.20
 131017.118   188.878   -95.90   31.10
 131390.089   174.940   -37.37   13.26
 131763.029   175.763     2.21   12.81
 132135.936   182.147    17.12   14.43
 132508.811   191.922    26.21   19.93
 132881.655   205.366    36.05   26.02
 133254.466   222.086    44.84   32.54
 133627.246   246.233    64.77   42.05
 133999.993   276.749    81.86   52.47
 134372.709   298.436    58.18   40.45
 134745.393   298.091    -0.92   36.92
 135118.045   283.291   -39.71   38.99
 135490.664   264.821   -49.56   29.97
 135863.252   252.795   -32.27   26.29
 136235.809   259.974    19.27   23.88
 136608.333   267.749    20.87   25.81
 136980.825   283.532    42.37   28.69
 137353.286   304.145    55.33   33.30
 137725.715   333.189    77.98   36.95
 138098.111   365.091    85.65   40.17
 138470.477   404.809   106.65   50.12
 138842.810   450.051   121.49   64.16
 139215.111   512.124   166.70   77.19
 139587.381   555.051   115.30   61.71
 139959.619   586.436    84.30   36.10
 140331.825   595.450    24.22   23.89
 140703.999   593.327    -5.71   19.28
 141076.142   577.856   -41.57   40.19
 141448.253   537.778  -107.69   77.55
 141820.332   459.919  -209.22  113.43
 142192.380   377.628  -221.15  120.54
 142564.395   291.833  -230.59   84.24
 142936.379   252.051  -106.93   47.86
 143308.332   248.183   -10.40   38.57
 143680.252   277.159    77.90   52.56
 144052.141   332.617   149.10   68.60
 144423.999   387.856   148.53   64.83
 144795.824   445.107   153.95   66.85
 145167.619   519.091   198.96   87.44
 145539.381   596.213   207.42  110.77
 145911.112   679.013   222.71   91.52
 146282.811   716.013    99.53   54.34
 146654.479   700.013   -43.04   65.76
 147026.115   646.821  -143.11   86.56
 147397.719   560.919  -231.13   96.95
 147769.292   477.633  -224.11   83.58
 148140.833   408.595  -185.79   77.33
 148512.343   351.268  -154.28   57.32
 148883.821   318.449   -88.33   36.37
 149255.268   314.494   -10.65   34.83
 149626.683   334.840    54.77   53.43
 149998.067   386.013   137.77   63.24
 150369.419   442.974   153.37   71.52
 150744.087   504.656   164.60   70.24
 151121.802   562.953   154.32   65.41
 151499.483   615.661   139.54   75.24
 151877.132   662.189   123.19   67.72
 152254.749   681.051    49.94   47.05
 152632.332   677.937    -8.24   41.54
 153009.883   652.503   -67.36   46.08
 153387.402   614.358  -101.02   48.35
 153764.888   577.153   -98.55   46.00
 154142.341   540.365   -97.45   47.12
 154519.762   512.301   -74.34   36.09
 154897.150   491.705   -54.57   39.98
 155274.506   460.698   -82.16   49.66
 155651.829   424.378   -96.24   62.61
 156029.120   381.031  -114.87   69.04
 156406.378   326.513  -144.49   65.80
 156783.603   287.486  -103.44   41.70
 157160.796   277.801   -25.67   30.21
 157537.957   292.263    38.34   37.19
 157915.085   327.754    94.09   40.27
 158292.180   366.405   102.48   49.28
 158669.244   420.420   143.23   71.32
 159046.274   487.346   177.48   86.80
 159423.272   558.304   188.19   83.13
 159800.238   592.205    89.92   56.62
 160177.172   579.474   -33.77   72.46
 160554.073   561.692   -47.17   83.70
 160930.941   556.954   -12.57   90.46
 161307.778   596.994   106.24   98.94
 161684.581   648.032   135.43   76.36
 162061.353   672.431    64.75   43.52
 162438.092   667.840   -12.18   37.22
 162814.799   642.824   -66.40   50.08
 163191.473   594.843  -127.36   63.06
 163568.115   556.444  -101.93   62.96
 163944.725   513.680  -113.53   64.47
 164321.302   468.268  -120.57   65.71
 164697.848   442.249   -69.09   64.66
 165074.360   435.455   -18.04   66.60
 165450.841   446.937    30.49   73.69
 165827.289   486.692   105.59   72.85
 166203.706   529.542   113.82   74.39
 166580.089   568.167   102.60   57.04
 166956.441   581.346    35.01   36.88
 167332.760   571.781   -25.41   37.13
 167709.048   548.840   -60.96   34.78
 168085.302   513.183   -94.75   50.20
 168461.525   457.560  -147.82   76.54
 168837.716   397.817  -158.78   79.37
 169213.874   334.628  -167.95   69.57
 169590.000   281.719  -140.65   58.19
 169966.095   239.941  -111.06   56.46
 170342.157   205.821   -90.72   44.80
 170718.186   184.730   -56.08   28.66
 171094.184   171.147   -36.12    4.33
 171470.150   169.013    -5.68    2.82
 171846.083   173.994    13.25   15.59
 172221.984   192.346    48.81   38.87
 172597.854   227.870    94.49   63.42
 172973.691   285.186   152.48   80.61
 173349.496   342.447   152.34   75.34
 173725.269   403.385   162.14   63.60
 174101.010   435.263    84.82   50.49
 174476.719   458.239    61.14   40.50
 174852.396   468.713    27.87   45.94
 175228.041   484.995    43.34   56.77
 175603.654   505.711    55.14   64.56
 175979.235   524.213    49.25   69.17
 176354.784   543.173    50.48   56.94
 176730.301   535.523   -20.37   49.72
 177105.786   518.937   -44.16   58.38
 177481.239   488.493   -81.07   60.34
 177856.661   480.439   -21.45   56.17
 178232.050   473.692   -17.97   52.81
 178607.407   461.722   -31.88   45.62
 178982.732   436.373   -67.53   50.19
 179358.026   400.581   -95.35   52.20
 179733.288   356.975  -116.18   55.46
 180108.517   323.113   -90.23   42.32
 180483.715   316.680   -17.14   38.56
 180858.881   318.032     3.61   41.70
 181234.015   322.031    10.66   38.92
 181609.117   311.051   -29.27   40.25
 181984.188   283.881   -72.43   41.52
 182359.227   242.164  -111.21   42.00
 182734.233   210.581   -84.20   37.03
 183109.208   189.936   -55.05   28.94
 183484.152   179.954   -26.62   16.62
 183859.063   189.727    26.06   27.41
 184233.943   196.840    18.97   28.44
 184608.791   198.503     4.44   28.21
 184983.607   188.821   -25.83   20.79
 185358.391   180.425   -22.40    5.99
 185733.144   181.202     2.07    7.14
 186107.865   188.073    18.33   19.63
 186482.554   198.156    26.90   24.09
 186857.211   211.390    35.32   28.19
 187231.837   221.795    27.77   29.58
 187606.431   236.111    38.21   31.95
 187980.994   245.189    24.23   34.80
 188355.525   255.126    26.53   33.84
 188730.024   266.853    31.31   39.13
 189104.491   274.476    20.35   37.42
 189478.927   284.013    25.47   35.26
 189853.331   294.195    27.19   31.59
 190227.704   303.282    24.27   29.69
 190602.045   316.724    35.90   31.36
 190976.354   335.183    49.30   36.43
 191350.632   350.601    41.19   36.17
 191724.878   367.254    44.49   26.62
 192099.093   386.193    50.60   40.07
 192473.276   411.584    67.85   70.36
 192847.428   433.405    58.31   90.73
 193221.548   453.957    54.92   92.04
 193595.636   468.628    39.21   86.67
 193969.693   476.915    22.15   68.04
 194343.719   514.805   101.28   84.36
 194717.713   578.052   169.08   97.94
 195091.675   650.161   192.79   96.63
 195465.606   714.640   172.40   69.96
 195839.506   757.558   114.76   45.94
 196213.374   785.640    75.10   53.62
 196587.211   818.878    88.89   70.08
 196961.016   848.661    79.66   74.63
 197334.790   869.699    56.27   67.47
 197708.532   868.568    -3.02   61.82
 198082.243   854.893   -36.59   62.66
 198455.923   827.328   -73.75   64.96
 198829.571   778.699  -130.12   73.55
 199203.188   742.587   -96.64   73.64
 199576.773   691.859  -135.76   81.48
 199950.327   630.581  -164.01   74.66
 200323.850   579.413  -136.96   60.22
 200697.341   548.601   -82.48   55.28
 201070.801   551.420     7.55   69.66
 201444.230   573.313    58.61   78.73
 201817.627   587.371    37.64   80.61
 202190.993   612.393    67.00   81.81
 202564.328   604.268   -21.76   73.24
 202937.632   586.296   -48.13   69.57
 203310.904   560.167   -69.99   67.50
 203684.145   514.304  -122.85   73.06
 204057.354   470.327  -117.81   71.85
 204430.533   413.919  -151.12   88.41
 204803.680   345.253  -183.98   82.12
 205176.796   288.145  -153.02   62.01
 205549.881   252.032   -96.77   28.46
 205922.935   239.233   -34.30   10.74
 206295.957   241.940     7.26   16.03
 206668.948   256.164    38.13   35.73
 207041.908   284.940    77.14   52.20
 207414.837   309.719    66.43   51.83
 207787.735   335.365    68.76   44.70
 208160.601   355.625    54.33   44.38
 208533.437   383.542    74.86   48.71
 208906.241   412.051    76.46   51.42
 209279.014   435.738    63.53   44.54
 209651.756   458.643    61.43   43.21
 210024.467   474.397    42.26   39.25
 210397.147   487.371    34.80   35.62
 210769.796   503.693    43.79   37.91
 211142.414   535.920    86.47   56.80
 211515.000   584.293   129.80   70.82
 211887.556   661.385   206.88   95.75
 212260.080   734.934   197.39   95.11
 212632.574   780.778   123.04   72.67
 213005.036   774.504   -16.84   79.20
 213377.468   741.340   -89.03  102.72
 213749.868   666.937  -199.75  100.51
 214122.238   603.278  -170.92   84.46
 214494.576   524.239  -212.23   76.89
 214866.884   468.971  -148.41   65.35
 215239.160   429.859  -105.04   69.04
 215611.406   393.353   -98.05   53.21
 215983.621   379.513   -37.17   69.86
 216355.804   379.975     1.24   77.55
 216727.957   376.405    -9.59   73.89
 217100.079   363.878   -33.66   60.43
 217472.170   354.551   -25.06   46.60
 217844.230   358.282    10.03   48.79
 218216.259   387.200    77.71   61.67
 218588.258   433.032   123.18   78.10
 218960.225   486.954   144.93   97.93
 219332.162   544.385   154.38  110.66
 219704.067   612.667   183.56  103.90
 220075.942   649.494    99.01   86.49
 220447.786   675.346    69.51   68.89
 220819.599   687.562    32.85   57.26
 221191.382   711.321    63.89   50.93
 221563.133   742.617    84.17   49.58
 221934.854   776.523    91.19   63.19
 222306.544   809.893    89.76   58.86
 222678.203   817.405    20.21   45.44
 223049.832   792.307   -67.52   62.33
 223421.430   752.956  -105.87   73.91
 223792.997   691.533  -165.27   63.75
 224164.533   654.934   -98.48   65.12
 224536.038   604.551  -135.59   74.76
 224907.513   569.788   -93.56   72.31
 225278.957   532.917   -99.24   63.63
 225653.465   513.113   -52.87   59.86
 226031.113   503.673   -24.99   57.90
 226408.730   487.111   -43.85   50.88
 226786.315   468.032   -50.52   58.61
 227163.868   458.170   -26.11   56.81
 227541.389   461.873     9.81   51.85
 227918.879   487.209    67.10   70.31
 228296.336   532.229   119.24   75.49
 228673.762   559.934    73.39   73.55
 229051.156   588.455    75.56   86.89
 229428.519   618.436    79.43   92.99
 229805.850   672.974   144.50   79.10
 230183.149   712.930   105.87   75.51
 230560.416   765.856   140.26   88.89
 230937.652   858.353   245.14  129.97
 231314.856   962.313   275.54  155.76
 231692.028  1051.609   236.70  112.04
 232069.169  1078.233    70.58   75.40
 232446.278  1042.244   -95.41   95.67
 232823.355   961.471  -214.16   83.48
 233200.401   886.417  -199.01   84.70
 233577.415   808.915  -205.52   93.73
 233954.398   741.581  -178.57   84.70
 234331.349   672.304  -183.74   69.93
 234708.268   626.993  -120.18   55.72
 235085.156   599.541   -72.82   50.07
 235462.012   593.748   -15.37   55.28
 235838.837   616.680    60.84   88.61
 236215.630   653.366    97.34  113.97
 236592.392   687.562    90.74  114.12
 236969.122   729.513   111.33  106.25
 237345.820   750.647    56.09   75.74
 237722.487   749.183    -3.89   56.23
 238099.123   723.193   -68.99   75.30
 238475.727   638.371  -225.17  118.76
 238852.299   550.327  -233.75  100.11
 239228.840   518.533   -84.42   70.20
 239605.350   546.795    75.04   93.84
 239981.828   629.072   218.49  122.60
 240358.275   727.390   261.11  134.55
 240734.690   817.813   240.16  126.08
 241111.074   895.617   206.66   94.14
 241487.426   946.111   134.13   59.48
 241863.748   954.150    21.36   57.56
 242240.037   940.809   -35.45   57.29
 242616.295   908.719   -85.27   70.67
 242992.522   846.522  -165.28   94.28
 243368.718   769.573  -204.50   92.01
 243744.882   689.213  -213.58   77.94
 244121.015   624.917  -170.90   63.93
 244497.116   591.513   -88.79   60.73
 244873.187   562.287   -77.69   58.11
 245249.226   545.248   -45.30   58.65
 245625.233   536.786   -22.50   57.10
 246001.209   532.873   -10.41   47.21
 246377.154   554.958    58.73   43.95
 246753.068   577.994    61.26   55.90
 247128.951   619.795   111.18   67.85
 247504.802   684.433   171.93   72.78
 247880.622   739.673   146.95   81.04
 248256.410   807.051   179.25   90.31
 248632.168   860.213   141.44   82.47
 249007.894   913.428   141.60   78.28
 249383.589   950.590    98.89   65.11
 249759.253   962.031    30.45   61.66
 250134.886   969.453    19.75   63.19
 250510.487   977.934    22.58   63.42
 250886.058   968.189   -25.94   60.67
 251261.597   974.653    17.21   79.74
 251637.105   975.352     1.86  103.22
 252012.582   980.150    12.77  112.18
 252388.027   960.940   -51.15  107.29
 252763.442   932.013   -77.03   93.02
 253138.825   885.817  -123.03   74.84
 253514.178   827.436  -155.50   72.79
 253889.499   760.763  -177.60   89.49
 254264.789   690.032  -188.42  110.12
 254640.048   596.713  -248.61  107.83
 255015.277   517.550  -210.92   97.24
 255390.474   440.893  -204.26   73.91
 255765.640   389.307  -137.47   59.40
 256140.775   350.032  -104.67   55.83
 256515.878   316.992   -88.06   64.17
 256890.951   283.621   -88.95   62.68
 257265.993   249.553   -90.81   38.79
 257641.004   237.268   -32.75   27.37
 258015.984   241.738    11.92   41.64
 258390.933   267.263    68.06   62.92
 258765.851   296.268    77.34   73.40
 259140.738   321.073    66.15   75.65
 259515.594   343.836    60.71   66.21
 259890.419   349.930    16.25   60.53
 260265.213   330.719   -51.24   45.09
 260639.977   310.856   -52.99   44.92
 261014.709   286.640   -64.60   48.86
 261389.410   260.513   -69.71   45.50
 261764.081   251.840   -23.14   40.43
 262138.721   247.051   -12.78   32.72
 262513.330   257.388    27.59   35.53
 262887.907   277.229    52.95   45.26
 263262.455   292.601    41.03   47.39
 263636.971   311.073    49.31   43.50
 264011.456   322.378    30.18   44.61
 264385.911   329.523    19.07   38.73
 264760.335   344.876    40.99   35.24
 265134.728   354.870    26.69   38.45
 265509.090   366.150    30.12   40.85
 265883.421   377.055    29.12   36.52
 266257.722   382.719    15.13   38.82
 266631.991   396.425    36.61   40.31
 267006.231   420.640    64.69   46.81
 267380.439   454.069    89.31   58.15
 267754.616   497.173   115.16   68.72
 268128.763   551.189   144.33   76.32
 268502.879   606.430   147.61   71.90
 268876.965   658.581   139.37   73.94
 269251.020   697.013   102.71   75.65
 269625.044   743.313   123.75   80.39
 269999.037   791.994   130.13   87.18
 270373.000   845.503   143.05   83.67
 270746.931   896.334   135.90   78.07
 271120.833   925.686    78.48   69.19
 271494.704   928.805     8.34   61.80
 271868.544   906.638   -59.28   76.01
 272242.353   853.503  -142.10   66.65
 272616.132   828.072   -68.02   54.24
 272989.880   827.915    -0.42   52.00
 273363.598   815.013   -34.51   61.58
 273737.285   784.523   -81.57   82.09
 274110.941   725.919  -156.80   91.12
 274484.567   651.784  -198.36   89.02
 274858.162   597.956  -144.04   80.52
 275231.727   569.699   -75.62   75.39
 275605.261   546.393   -62.38   66.44
 275978.765   525.763   -55.22   67.85
 276352.238   500.797   -66.83   62.11
 276725.680   484.249   -44.30   66.67
 277099.093   475.973   -22.16   70.73
 277472.474   470.145   -15.60   71.01
 277845.825   468.825    -3.53   76.32
 278219.146   484.287    41.41   70.18
 278592.436   493.111    23.63   58.20
 278965.696   493.933     2.20   55.45
 279338.925   458.420   -95.12   67.52
 279712.124   426.444   -85.66   69.04
 280085.292   397.957   -76.32   58.22
 280458.430   388.797   -24.54   62.19
 280831.538   400.654    31.77   74.07
 281204.615   418.388    47.52   76.98
 281577.662   436.032    47.29   69.42
 281950.678   442.680    17.81   62.43
 282323.664   433.693   -24.09   67.71
 282696.620   404.420   -78.47   73.76
 283069.545   384.287   -53.97   65.29
 283442.440   374.904   -25.16   59.95
 283815.304   387.366    33.41   81.96
 284188.139   417.346    80.39   97.20
 284560.943   452.319    93.78   83.56
 284933.716   471.974    52.71   66.37
 285306.460   485.327    35.81   70.02
 285679.173   497.513    32.69   68.59
 286051.855   495.476    -5.46   66.58
 286424.508   493.782    -4.54   62.83
 286797.130   474.249   -52.40   64.48
 287169.722   458.464   -42.35   64.83
 287542.284   434.340   -64.73   61.36
 287914.815   419.573   -39.63   60.91
 288287.316   406.738   -34.44   63.64
 288659.787   386.327   -54.78   59.57
 289032.228   355.533   -82.66   64.84
 289404.639   313.791  -112.05   61.03
 289777.019   302.494   -30.33   52.72
 290149.369   326.309    63.94   82.83
 290521.689   393.876   181.42  109.46
 290893.979   469.455   202.95  100.13
 291266.239   516.319   125.85   62.94
 291638.469   533.856    47.10   57.74
 292010.668   541.493    20.51   54.57
 292382.837   540.593    -2.42   51.02
 292754.976   525.579   -40.33   65.14
 293127.086   503.143   -60.28   66.31
 293499.165   481.101   -59.22   52.26
