-206064.368    24.373     0.00   32.98
-205687.638    29.117    12.60   35.02
-205310.945    40.450    30.09   40.14
-204934.290    55.239    39.27   39.96
-204557.673    75.084    52.70   38.04
-204181.094    94.555    51.72   31.16
-203804.552   111.387    44.71   26.02
-203428.048   126.467    40.06   22.13
-203051.582   137.941    30.48   26.90
-202675.153   144.073    16.29   31.09
-202298.762   141.590    -6.60   40.68
-201922.408   130.149   -30.41   48.81
-201546.092   116.046   -37.48   49.66
-201169.814    96.632   -51.61   46.54
-200793.573    82.608   -37.28   35.88
-200417.369    75.222   -19.64   27.67
-200041.203    76.316     2.91   24.47
-199665.075    81.527    13.86   27.47
-199288.984    87.814    16.72   28.74
-198912.931    89.204     3.70   29.40
-198536.915    93.774    12.16   30.55
-198160.937   100.459    17.78   30.89
-197784.996   105.673    13.87   27.33
-197409.092   117.977    32.74   26.66
-197033.226   132.816    39.49   19.79
-196657.397   141.396    22.83   15.87
-196281.606   145.584    11.15   12.25
-195905.852   145.441    -0.38   13.35
-195530.136   144.853    -1.56   14.14
-195154.457   144.705    -0.40   14.37
-194778.815   146.068     3.63   14.51
-194403.210   148.780     7.22   15.54
-194027.643   150.996     5.90   16.05
-193652.113   154.734     9.96   13.58
-193276.621   160.152    14.43   11.21
-192901.165   164.450    11.45   14.88
-192525.747   168.141     9.83   15.67
-192150.367   166.762    -3.67   16.57
-191775.023   165.370    -3.71   15.17
-191399.717   159.102   -16.70   15.26
-191024.448   153.762   -14.23   14.64
-190649.216   149.793   -10.58   13.82
-190274.021   150.134     0.91   15.28
-189898.864   157.396    19.36   20.38
-189523.744   167.044    25.73   21.95
-189148.661   179.959    34.44   12.38
-188773.615   183.467     9.36   10.07
-188398.606   180.906    -6.83   11.22
-188023.634   178.870    -5.43   13.10
-187648.699   175.257    -9.64   16.76
-187273.802   170.771   -11.97   20.52
-186898.941   164.713   -16.16   21.75
-186524.118   154.545   -27.13   23.66
-186149.331   137.717   -44.91   36.52
-185774.582   111.377   -70.30   48.77
-185399.870    83.359   -74.79   54.73
-185025.195    61.257   -59.00   47.15
-184650.556    40.086   -56.52   37.67
-184275.955    25.064   -40.11   30.80
-183901.391    14.375   -28.54   25.14
-183526.863     3.995   -27.72   12.19
-183152.373    -0.021   -10.73    6.81
-182777.920    -1.898    -5.01    0.71
-182403.503    -2.059    -0.43    0.00
-182029.124    -2.059     0.00    0.00
-181654.781    -2.059     0.00    0.00
-181280.475    -2.059     0.00    0.00
-180906.206    -2.059     0.00    0.00
-180531.974    -2.059     0.00    0.00
-180157.779    -2.059     0.00    0.00
-179783.621    -2.059     0.00    0.00
-179409.499    -2.059     0.00    0.00
-179035.414    -2.059     0.00    0.00
-178661.366    -2.059     0.00    0.00
-178287.355    -2.059     0.00    0.00
-177913.381    -2.059     0.00    0.00
-177539.443    -0.934     3.01    5.90
-177165.542     0.422     3.63    8.88
-176791.678    -0.273    -1.86    7.60
-176417.851    -2.059    -4.78    0.00
-176044.060    -2.059     0.00    0.00
-175670.306    -2.059     0.00    0.00
-175296.589    -2.059     0.00    0.00
-174922.908    -2.059     0.00    0.00
-174549.264    -2.059     0.00    0.00
-174175.657    -2.059     0.00    0.00
-173802.086    -2.059     0.00    0.00
-173428.552    -2.059     0.00    0.00
-173055.055    -0.207     4.96    8.64
-172681.594     1.530     4.65   13.23
-172308.170     0.645    -2.37   11.38
-171934.782     0.048    -1.60   11.06
-171561.431    -2.005    -5.50    0.40
-171188.117    -0.459     4.14   11.87
-170814.839     0.502     2.58   13.84
-170441.597    -2.059    -6.86    0.00
-170068.392    -2.059     0.00    0.00
-169695.224    -2.059     0.00    0.00
-169322.092    -2.059     0.00    0.00
-168948.996    -2.059     0.00    0.00
-168575.937    -2.059     0.00    0.00
-168202.915    -2.059     0.00    0.00
-167829.928    -2.059     0.00    0.00
-167456.979    -2.059     0.00    0.00
-167084.065    -2.059     0.00    0.00
-166711.189    -2.059     0.00    0.00
-166338.348    -1.386     1.81    3.43
-165965.544     0.906     6.15    8.61
-165592.776     4.293     9.09   13.18
-165220.045     5.625     3.58   14.39
-164847.350     7.050     3.82   14.75
-164474.691     9.191     5.75   15.49
-164102.069    16.505    19.63   19.48
-163729.482    27.814    30.36   22.46
-163356.933    39.870    32.37   23.69
-162984.419    50.614    28.85   25.14
-162611.942    59.204    23.07   31.31
-162239.501    66.210    18.81   37.16
-161867.096    77.544    30.44   36.86
-161494.727    90.709    35.36   31.79
-161122.395    92.191     3.98   27.29
-160750.099    94.214     5.43   22.65
-160377.839   100.155    15.96   22.00
-160005.615   106.705    17.60   22.60
-159633.428   113.620    18.58   22.87
-159261.276   122.530    23.95   21.34
-158889.161   129.830    19.62   19.68
-158517.082   132.485     7.14   18.52
-158145.039   136.018     9.50   15.28
-157773.032   138.011     5.36   13.50
-157401.061   140.777     7.44   10.83
-157029.126   143.512     7.35    9.09
-156657.227   149.280    15.51    7.58
-156285.365   151.432     5.79    6.84
-155913.538   154.978     9.54    7.70
-155541.748   159.086    11.05    7.79
-155169.993   163.537    11.97   10.13
-154798.275   167.922    11.80    9.34
-154426.592   170.155     6.01    8.15
-154054.946   173.499     9.00    7.62
-153683.335   175.262     4.75    8.49
-153311.761   177.577     6.23    8.12
-152940.222   178.334     2.04    8.90
-152568.719   178.155    -0.48   11.29
-152197.252   178.923     2.07   12.41
-151825.822   175.596    -8.96   12.18
-151454.427   172.700    -7.80   11.42
-151083.068   169.495    -8.63   10.99
-150711.744   166.367    -8.42    9.57
-150340.457   161.977   -11.83    8.47
-149969.205   156.811   -13.92   10.38
-149597.990   151.405   -14.57   10.89
-149226.810   144.658   -18.18    7.06
-148855.666   141.169    -9.40    5.96
-148484.558   137.650    -9.48    6.65
-148113.485   134.227    -9.23    7.77
-147742.449   129.505   -12.73    8.74
-147371.448   125.614   -10.49    8.54
-147000.483   121.370   -11.44    9.07
-146629.554   119.552    -4.90    8.76
-146258.660   114.798   -12.82   10.32
-145887.802   110.620   -11.27    9.82
-145516.980   107.745    -7.76   10.15
-145141.235   107.149    -1.59   11.91
-144763.180   107.105    -0.12   12.15
-144385.161   109.486     6.30   14.09
-144007.180   115.887    16.94   17.82
-143629.237   122.678    17.97   17.37
-143251.330   128.639    15.78   12.52
-142873.461   129.432     2.10    8.19
-142495.628   126.305    -8.28    7.83
-142117.833   121.257   -13.36   10.69
-141740.075   110.996   -27.17   16.69
-141362.354   100.548   -27.66   19.65
-140984.670    91.105   -25.01   19.93
-140607.023    87.601    -9.28   22.91
-140229.414    94.459    18.16   28.94
-139851.841   103.541    24.06   34.84
-139474.305   118.637    39.99   34.62
-139096.807   132.268    36.11   24.18
-138719.345   136.126    10.22   16.07
-138341.920   133.512    -6.93   15.87
-137964.533   127.998   -14.62   17.68
-137587.182   110.870   -45.40   36.82
-137209.869    83.865   -71.58   48.91
-136832.592    55.584   -74.97   48.04
-136455.352    25.620   -79.44   36.25
-136078.149    10.923   -38.97   24.09
-135700.984     0.637   -27.27    9.76
-135323.855    -2.059    -7.15    0.00
-134946.762     5.994    21.36   15.73
-134569.707    20.845    39.39   34.08
-134192.689    49.245    75.34   48.60
-133815.707    79.505    80.28   46.86
-133438.763   106.099    70.56   40.91
-133061.855   133.748    73.37   26.89
-132684.984   148.274    38.55   21.88
-132308.150   158.012    25.85   16.40
-131931.352   164.652    17.62    9.37
-131554.592   161.777    -7.63    9.68
-131177.868   157.032   -12.60    8.49
-130801.181   149.741   -19.36   10.94
-130424.530   142.209   -20.00   13.28
-130047.917   135.941   -16.64   14.62
-129671.340   131.852   -10.86   14.03
-129294.800   129.941    -5.08   12.49
-128918.296   126.084   -10.25   11.92
-128541.829   118.626   -19.81   14.24
-128165.399   107.102   -30.62   17.46
-127789.005    94.632   -33.13   17.72
-127412.649    87.214   -19.71   15.65
-127036.328    85.257    -5.20   12.43
-126660.045    86.518     3.35   11.73
-126283.798    89.262     7.30    8.06
-125907.587    88.828    -1.16    7.35
-125531.413    86.222    -6.93    8.84
-125155.276    82.852    -8.96    9.43
-124779.175    80.359    -6.63    9.11
-124403.111    74.887   -14.55   12.60
-124027.083    72.337    -6.78   17.59
-123651.092    67.316   -13.36   22.43
-123275.138    61.774   -14.74   26.19
-122899.220    58.191    -9.53   26.43
-122523.338    47.232   -29.16   24.71
-122147.493    40.871   -16.93   23.73
-121771.684    30.507   -27.58   19.24
-121395.912    22.014   -22.61   16.15
-121020.176    17.245   -12.69   15.39
-120644.476    14.287    -7.87   13.72
-120268.813    14.995     1.88   13.32
-119893.187    18.034     8.09   14.98
-119517.596    24.818    18.07   17.24
-119142.042    33.941    24.29   17.35
-118766.525    40.566    17.64   11.94
-118391.044    41.012     1.19   13.39
-118015.599    37.979    -8.08   13.90
-117640.190    33.155   -12.85   14.63
-117264.818    27.469   -15.15   17.62
-116889.482    19.905   -20.16   17.55
-116514.182    14.923   -13.28   13.30
-116138.919    18.502     9.54   17.37
-115763.692    27.404    23.73   18.62
-115388.501    32.177    12.72   18.77
-115013.346    28.766    -9.10   20.92
-114638.228    24.999   -10.04   20.03
-114263.146    28.209     8.56   20.62
-113888.100    35.130    18.46   19.67
-113513.090    44.923    26.12   12.96
-113138.116    48.655     9.95    6.43
-112763.179    45.414    -8.65    8.86
-112388.277    40.959   -11.88   11.75
-112013.412    38.404    -6.82   13.89
-111638.583    40.012     4.29   17.77
-111263.790    42.902     7.71   18.17
-110889.033    47.625    12.60   14.85
-110514.312    48.541     2.44   13.01
-110139.628    45.959    -6.89   11.13
-109764.979    43.330    -7.02   10.71
-109390.366    41.459    -4.99   12.31
-109015.790    38.450    -8.04   15.65
-108641.249    34.432   -10.73   20.48
-108266.745    28.923   -14.71   23.09
-107892.276    24.682   -11.33   21.84
-107517.844    20.423   -11.37   18.90
-107143.447    19.092    -3.56   18.27
-106769.086    18.359    -1.96   17.24
-106394.762    20.852     6.66   18.84
-106020.473    28.941    21.61   22.63
-105646.220    40.512    30.92   18.89
-105272.004    50.883    27.72   10.53
-104897.823    54.415     9.44    6.60
-104523.678    53.595    -2.19   12.35
-104149.568    50.012    -9.58   19.78
-103775.495    39.996   -26.78   25.20
-103401.458    29.959   -26.84   27.71
-103027.456    18.608   -30.35   22.07
-102653.490    11.626   -18.67   13.15
-102279.560    13.155     4.09   16.38
-101905.666    17.884    12.65   23.73
-101531.808    22.959    13.57   26.46
-101157.985    32.884    26.55   30.81
-100784.199    55.105    59.45   38.49
-100410.448    82.032    72.05   31.35
-100036.732   104.959    61.36   21.49
 -99663.053   122.081    45.82   24.51
 -99289.409   144.723    60.60   43.42
 -98915.801   176.868    86.05   55.01
 -98542.229   202.149    67.68   50.03
 -98168.692   205.237     8.27   45.44
 -97795.191   194.191   -29.58   49.87
 -97421.726   176.280   -47.96   46.52
 -97048.296   163.905   -33.14   30.62
 -96674.902   173.548    25.83   43.20
 -96301.544   209.196    95.49   62.52
 -95928.221   246.196    99.12   60.91
 -95554.934   255.245    24.24   42.91
 -95181.682   242.205   -34.94   51.79
 -94808.466   215.530   -71.48   54.94
 -94435.286   187.806   -74.30   27.42
 -94062.141   196.137    22.33   36.06
 -93689.031   229.432    89.24   54.12
 -93315.957   283.298   144.40   85.56
 -92942.919   355.596   193.83  101.01
 -92569.916   427.832   193.68   94.96
 -92196.949   508.182   215.45   85.38
 -91824.017   544.205    96.60   75.81
 -91451.121   523.084   -56.65   87.42
 -91078.260   505.749   -46.50   81.28
 -90705.435   488.387   -46.57   68.44
 -90332.645   499.262    29.17   78.88
 -89959.890   539.959   109.19  101.00
 -89587.171   579.727   106.71  107.07
 -89214.488   598.159    49.46  104.15
 -88841.839   580.459   -47.50  121.33
 -88469.226   564.200   -43.64  116.77
 -88096.649   574.566    27.82  117.98
 -87724.107   608.035    89.85  113.77
 -87351.600   613.887    15.71  102.52
 -86979.128   589.441   -65.64  112.87
 -86606.692   505.173  -226.28  114.96
 -86234.291   424.141  -217.61   87.40
 -85861.926   373.834  -135.11   68.75
 -85489.595   328.145  -122.72   51.47
 -85117.300   296.105   -86.07   44.77
 -84745.040   269.495   -71.49   36.00
 -84372.816   252.050   -46.87   29.89
 -84000.627   238.191   -37.24   25.46
 -83628.473   232.383   -15.61   30.29
 -83256.354   228.414   -10.67   37.32
 -82884.270   226.828    -4.26   44.56
 -82512.222   220.286   -17.58   42.51
 -82140.208   211.545   -23.50   38.58
 -81768.230   215.084     9.52   44.73
 -81396.287   217.564     6.67   49.68
 -81024.380   225.886    22.38   49.90
 -80652.507   222.227    -9.84   48.13
 -80280.669   224.237     5.41   53.87
 -79908.867   228.227    10.73   67.96
 -79537.100   226.729    -4.03   75.82
 -79165.368   207.530   -51.65   70.96
 -78793.670   193.526   -37.68   60.81
 -78422.008   219.377    69.56   85.18
 -78050.381   267.904   130.59  100.28
 -77678.789   317.200   132.67   86.19
 -77307.232   345.905    77.26   64.05
 -76935.710   351.316    14.57   58.57
 -76564.223   344.505   -18.34   39.93
 -76192.771   339.032   -14.73   28.70
 -75821.355   320.334   -50.35   31.55
 -75449.973   314.460   -15.82   34.83
 -75078.626   330.450    43.06   48.11
 -74707.313   348.979    49.90   44.80
 -74336.036   357.816    23.80   34.86
 -73964.794   351.847   -16.08   35.13
 -73593.587   347.089   -12.82   27.57
 -73222.414   326.245   -56.16   41.92
 -72851.277   293.682   -87.74   67.93
 -72480.174   237.485  -151.44   80.50
 -72109.106   177.182  -162.52   72.22
 -71738.074   109.191  -183.26   64.29
 -71367.076    62.999  -124.52   47.09
 -70996.112    38.245   -66.73   30.32
 -70625.184    25.518   -34.31    3.13
 -70249.895    25.280    -0.63    3.03
 -69871.917    25.534     0.67    3.14
 -69493.975    26.245     1.88    2.93
 -69116.070    31.173    13.04   17.23
 -68738.201    53.809    59.91   46.04
 -68360.368    87.512    89.21   59.08
 -67982.571   126.865   104.17   50.45
 -67604.810   143.780    44.78   30.70
 -67227.086   131.887   -31.49   33.10
 -66849.398   118.663   -35.02   34.36
 -66471.745   113.120   -14.68   26.65
 -66094.129   111.639    -3.92   24.28
 -65716.550   115.137     9.27   26.01
 -65339.006   119.537    11.65   28.46
 -64961.498   101.237   -48.48   38.75
 -64584.026    80.870   -53.96   40.26
 -64206.591    73.759   -18.84   34.80
 -63829.192    65.959   -20.67   22.36
 -63451.828    68.867     7.71   23.02
 -63074.501    71.885     8.00   24.61
 -62697.209    77.356    14.50   28.06
 -62319.954    87.405    26.64   30.83
 -61942.735   100.997    36.03   30.72
 -61565.551   110.048    24.00   32.71
 -61188.404   125.530    41.05   27.97
 -60811.293   124.035    -3.96   28.26
 -60434.217   107.387   -44.15   34.25
 -60057.178    88.422   -50.30   29.92
 -59680.174    74.977   -35.67   14.48
 -59303.207    76.626     4.38   15.69
 -58926.275    90.052    35.62   25.65
 -58549.379   101.387    30.08   27.94
 -58172.519   112.262    28.86   27.22
 -57795.695   131.048    49.86   28.78
 -57418.907   142.287    29.83   30.73
 -57042.154   159.505    45.70   32.41
 -56665.438   171.237    31.15   25.82
 -56288.757   176.385    13.67   20.79
 -55912.112   171.887   -11.94   23.15
 -55535.503   162.071   -26.07   21.10
 -55158.929   159.959    -5.61   20.89
 -54782.392   155.883   -10.82   22.03
 -54405.890   151.341   -12.07   23.33
 -54029.424   159.196    20.87   27.76
 -53652.994   169.852    28.31   31.61
 -53276.599   183.394    35.98   31.16
 -52900.240   194.052    28.32   28.12
 -52523.917   200.777    17.87   34.76
 -52147.629   199.614    -3.09   41.09
 -51771.378   193.798   -15.46   43.22
 -51395.161   184.311   -25.22   37.73
 -51018.981   172.637   -31.03   31.88
 -50642.836   164.370   -21.98   24.05
 -50266.727   157.682   -17.78   24.03
 -49890.653   142.405   -40.62   26.07
 -49514.615   122.345   -53.35   24.21
 -49138.613   105.673   -44.34   16.36
 -48762.646    95.262   -27.69    9.35
 -48386.715    96.068     2.15   12.22
 -48010.819   118.305    59.16   40.38
 -47634.959   147.830    78.56   51.03
 -47259.134   169.905    58.74   54.00
 -46883.345   168.505    -3.73   57.97
 -46507.591   146.762   -57.87   53.77
 -46131.873   121.845   -66.32   27.37
 -45756.191   113.602   -21.94   10.84
 -45380.544   114.105     1.34   10.05
 -45004.932   114.048    -0.15    9.48
 -44629.356   117.034     7.95   11.97
 -44253.815   121.394    11.61   16.22
 -43878.310   123.691     6.12   18.22
 -43502.840   119.691   -10.65   15.61
 -43127.405   115.102   -12.22    6.59
 -42752.006   114.422    -1.81    4.91
 -42376.642   115.780     3.62    4.20
 -42001.314   119.852    10.85    8.16
 -41626.021   125.756    15.73   13.12
 -41250.763   132.637    18.34   16.25
 -40875.541   143.111    27.91   23.10
 -40500.354   154.497    30.35   30.49
 -40125.202   166.804    32.81   35.35
 -39750.086   174.723    21.11   34.96
 -39375.005   178.756    10.75   35.91
 -38999.959   178.173    -1.55   33.69
 -38624.948   179.469     3.46   31.92
 -38249.973   189.682    27.24   39.26
 -37875.033   203.741    37.50   45.28
 -37500.128   221.922    48.50   56.36
 -37125.258   234.173    32.68   56.99
 -36750.424   247.809    36.38   54.53
 -36375.624   262.155    38.28   63.37
 -36000.860   290.534    75.73   70.63
 -35626.131   330.922   107.79   79.86
 -35251.438   349.209    48.81   94.73
 -34876.779   341.627   -20.24   93.39
 -34502.156   345.523    10.40   82.14
 -34127.567   339.056   -17.26   63.30
 -33753.014   378.196   104.50   96.60
 -33378.496   453.534   201.17  108.61
 -33004.013   520.864   179.80  101.12
 -32629.565   563.245   113.19   88.97
 -32255.152   576.719    35.99   89.02
 -31880.774   562.441   -38.14  112.22
 -31506.431   544.959   -46.70  114.65
 -31132.124   489.341  -148.60   98.06
 -30757.851   442.806  -124.34   98.64
 -30383.613   423.584   -51.37   87.43
 -30009.410   433.941    27.68  107.03
 -29635.243   491.602   154.11  128.13
 -29261.110   573.941   220.09  101.96
 -28887.012   608.459    92.27   85.53
 -28512.949   621.227    34.13   76.31
 -28138.921   587.441   -90.33   76.95
 -27764.928   525.816  -164.78   90.25
 -27390.970   471.432  -145.43   92.71
 -27017.047   454.719   -44.70   85.39
 -26643.159   485.922    83.46  113.45
 -26269.305   536.845   136.21  115.48
 -25895.487   549.637    34.22  104.83
 -25521.703   525.848   -63.65  104.28
 -25147.954   480.071  -122.49   79.36
 -24774.240   454.039   -69.66   36.92
 -24400.561   468.298    38.16   37.98
 -24026.916   494.960    71.36   35.29
 -23653.307   516.663    58.09   35.38
 -23279.732   538.923    59.59   36.62
 -22906.192   563.727    66.40   32.52
 -22532.687   588.790    67.10   37.62
 -22159.216   624.163    94.72   66.11
 -21785.781   685.650   164.66   89.55
 -21412.380   738.133   140.56   74.01
 -21039.013   758.237    53.85   49.90
 -20665.682   732.620   -68.62   65.35
 -20292.385   673.941  -157.20   69.78
 -19919.123   608.715  -174.75   69.54
 -19545.895   559.073  -133.01   51.31
 -19172.702   547.870   -30.02   46.98
 -18799.544   562.650    39.61   60.57
 -18426.420   596.232    90.00   69.15
 -18053.331   618.845    60.61   57.71
 -17680.277   617.387    -3.91   53.61
 -17307.257   603.902   -36.15   53.95
 -16934.272   576.978   -72.19   48.40
 -16561.322   551.337   -68.75   52.93
 -16188.406   517.673   -90.27   55.27
 -15815.524   484.507   -88.95   51.94
 -15442.677   458.432   -69.94   48.83
 -15069.865   423.959   -92.47   54.71
 -14697.087   397.811   -70.14   58.97
 -14324.344   355.505  -113.50   68.41
 -13951.635   308.601  -125.85   68.89
 -13578.961   265.505  -115.64   61.09
 -13206.321   212.478  -142.30   55.90
 -12833.715   175.432   -99.43   57.34
 -12461.145   142.832   -87.50   50.30
 -12088.608   127.337   -41.59   39.09
 -11716.106   138.209    29.19   45.19
 -11343.638   149.299    29.78   41.23
 -10971.205   149.650     0.94   40.34
 -10598.806   131.421   -48.95   47.96
 -10226.442    88.359  -115.65   49.98
  -9854.112    59.073   -78.66   35.12
  -9481.816    60.512     3.87   35.99
  -9109.555    72.286    31.63   41.79
  -8737.328    92.745    54.96   41.10
  -8365.136   116.149    62.88   37.18
  -7992.977   122.159    16.15   42.01
  -7620.853   136.584    38.76   43.59
  -7248.764   144.287    20.70   48.71
  -6876.708   124.905   -52.09   55.04
  -6504.687   102.672   -59.76   58.31
  -6132.700    75.209   -73.83   51.35
  -5760.748    45.526   -79.80   36.59
  -5388.829    29.167   -43.98   35.06
  -5016.945    12.867   -43.83   23.98
  -4645.095     3.200   -26.00    6.16
  -4273.280     2.923    -0.75    5.53
  -3901.498     1.404    -4.09    4.29
  -3529.751    -0.263    -4.48    1.97
  -3158.038     0.287     1.48    2.12
  -2786.359     0.737     1.21    2.29
  -2414.714     0.902     0.44    2.60
  -2043.103     0.709    -0.52    2.67
  -1671.527     0.274    -1.17    2.67
  -1299.985     0.102    -0.46    3.03
   -928.476    -0.503    -1.63    2.84
   -557.002    -0.892    -1.05    2.46
   -185.562    -0.648     0.66    2.13
    185.844    -0.285     0.98    2.27
    557.216     0.155     1.19    2.13
    928.554     0.564     1.10    2.36
   1299.858     1.182     1.66    2.54
   1671.128     4.392     8.65   10.16
   2042.363    26.177    58.68   37.71
   2413.565    53.130    72.61   48.23
   2784.733    82.432    78.95   48.74
   3155.867   113.126    82.70   47.00
   3526.967   134.370    57.24   50.40
   3898.032   159.979    69.02   46.35
   4269.064   174.997    40.47   41.21
   4643.977   184.459    25.24   35.26
   5021.880   191.499    18.63   29.12
   5399.747   201.173    25.60   28.39
   5777.579   216.545    40.68   27.31
   6155.375   233.512    44.91   31.66
   6533.136   259.370    68.45   31.86
   6910.862   276.323    44.88   31.24
   7288.553   297.316    55.58   29.33
   7666.209   317.633    53.80   27.45
   8043.829   338.577    55.46   28.21
   8421.414   358.884    53.78   27.53
   8798.964   384.262    67.22   35.52
   9176.479   413.691    77.95   41.35
   9553.958   440.034    69.78   41.14
   9931.402   474.450    91.18   43.96
  10308.812   509.441    92.71   41.91
  10686.186   546.959    99.42   48.71
  11063.525   585.441   101.98   47.97
  11440.828   606.658    56.23   47.02
  11818.097   620.705    37.23   50.15
  12195.331   629.847    24.23   53.79
  12572.529   648.977    50.72   57.62
  12949.693   677.253    74.97   47.47
  13326.821   699.650    59.39   39.31
  13703.914   712.620    34.39   36.78
  14080.973   685.723   -71.33   74.99
  14457.996   626.076  -158.20  106.31
  14834.984   553.459  -192.62  109.09
  15211.937   469.552  -222.59   81.83
  15588.856   416.422  -140.96   64.18
  15965.739   371.832  -118.31   55.11
  16342.587   347.830   -63.69   43.60
  16719.401   337.155   -28.33   33.83
  17096.179   341.960    12.75   32.62
  17472.923   362.394    54.24   30.33
  17849.631   383.159    55.12   22.06
  18226.305   395.921    33.88   19.68
  18602.944   398.048     5.65   26.37
  18979.547   393.163   -12.97   34.13
  19356.116   378.668   -38.49   40.12
  19732.651   368.123   -28.01   37.23
  20109.150   370.515     6.35   36.32
  20485.614   387.102    44.06   40.71
  20862.044   407.441    54.03   43.46
  21238.439   435.614    74.85   43.55
  21614.799   457.922    59.27   44.19
  21991.124   469.152    29.84   49.70
  22367.414   473.620    11.87   52.54
  22743.670   454.682   -50.33   59.79
  23119.891   437.089   -46.76   58.94
  23496.077   417.306   -52.59   50.76
  23872.228   393.505   -63.28   41.10
  24248.345   369.752   -63.15   44.35
  24624.427   346.719   -61.24   49.39
  25000.474   325.108   -57.47   42.01
  25376.487   313.941   -29.70   38.24
  25752.464   314.941     2.66   39.55
  26128.408   331.672    44.50   36.66
  26504.316   333.385     4.56   33.36
  26880.190   334.186     2.13   36.85
  27256.029   332.387    -4.79   41.93
  27631.834   322.828   -25.44   43.66
  28007.604   321.209    -4.31   44.76
  28383.339   312.089   -24.27   43.38
  28759.040   293.337   -49.91   41.24
  29134.706   273.996   -51.48   36.77
  29510.338   261.101   -34.33   30.34
  29885.935   252.727   -22.30   30.80
  30261.498   245.996   -17.92   36.67
  30637.026   234.723   -30.02   40.71
  31012.519   211.341   -62.27   41.45
  31387.978   196.601   -39.26   31.20
  31763.403   199.387     7.42   33.52
  32138.793   222.960    62.79   43.66
  32514.148   235.323    32.93   39.43
  32889.469   232.960    -6.30   39.09
  33264.756   223.752   -24.53   35.31
  33640.008   237.280    36.05   45.31
  34015.226   249.243    31.88   47.15
  34390.409   249.741     1.33   43.35
  34765.558   235.790   -37.19   47.47
  35140.673   208.830   -71.87   36.42
  35515.753   191.063   -47.37   24.83
  35890.798   180.305   -28.69   25.81
  36265.810   162.828   -46.60   24.18
  36640.787   148.377   -38.54   17.31
  37015.730   140.073   -22.15   10.06
  37390.638   138.848    -3.27    8.77
  37765.512   147.832    23.96   20.22
  38140.352   153.191    14.30   22.29
  38515.157   155.334     5.72   24.90
  38889.928   155.729     1.06   27.45
  39264.665   150.066   -15.11   26.34
  39639.368   146.356    -9.90   24.40
  40014.036   151.793    14.51   27.23
  40388.670   173.432    57.76   43.55
  40763.270   206.749    88.94   60.77
  41137.836   222.941    43.23   53.59
  41512.367   234.461    30.76   45.37
  41886.865   213.632   -55.62   57.68
  42261.328   197.149   -44.02   47.08
  42635.757   198.016     2.32   47.32
  43010.151   216.941    50.54   57.75
  43384.512   262.163   120.79   81.05
  43758.838   331.905   186.31   96.02
  44133.131   398.884   178.94   88.89
  44507.389   442.200   115.73   64.78
  44881.613   447.181    13.31   59.27
  45255.803   413.182   -90.86   77.13
  45629.959   368.018  -120.70   80.84
  46004.081   329.608  -102.66   78.08
  46378.168   301.979   -73.85   63.50
  46752.222   294.330   -20.45   66.17
  47126.242   329.903    95.11   81.55
  47500.228   376.274   123.99   69.17
  47874.179   419.089   114.49   72.00
  48248.097   451.035    85.43   53.88
  48621.980   435.745   -40.90   71.72
  48995.830   409.413   -70.43   93.96
  49369.646   376.105   -89.10   94.02
  49743.427   346.432   -79.38   90.91
  50117.175   340.774   -15.14   86.68
  50490.889   329.584   -29.94   87.98
  50864.569   352.461    61.22   78.41
  51238.215   352.905     1.19   86.49
  51611.827   344.620   -22.17   93.95
  51985.405   310.620   -91.01  101.00
  52358.949   286.608   -64.28   84.76
  52732.460   299.152    33.58   86.05
  53105.936   368.602   185.94  116.88
  53479.379   453.237   226.62   97.48
  53852.788   475.645    60.00   85.43
  54226.163   441.902   -90.37  121.98
  54599.504   333.941  -289.16  160.56
  54972.811   244.941  -238.40   94.49
  55346.085   231.771   -35.28   72.60
  55719.325   283.700   139.12   93.52
  56092.531   363.441   213.65   88.29
  56465.703   433.353   187.33   84.92
  56838.842   506.281   195.43   88.09
  57211.946   594.311   235.93   99.76
  57585.017   678.056   224.46   99.21
  57958.055   708.370    81.26   87.56
  58331.058   705.392    -7.98  101.50
  58704.028   651.887  -143.45  125.75
  59076.964   555.281  -259.03  118.98
  59449.867   474.700  -216.08  107.96
  59822.736   418.832  -149.82   91.23
  60195.571   386.459   -86.82   78.99
  60568.372   378.227   -22.08   80.71
  60941.140   424.241   123.43  110.02
  61313.875   504.084   214.20  124.21
  61686.575   579.787   203.11  108.53
  62059.242   596.268    44.22  112.09
  62431.876   568.293   -75.07  146.53
  62804.476   513.882  -146.02  140.85
  63177.042   492.850   -56.45  109.65
  63549.575   509.719    45.28  106.79
  63922.074   554.867   121.20  118.78
  64294.540   579.941    67.31  123.44
  64666.972   577.756    -5.87  130.18
  65039.371   562.710   -40.40  117.14
  65411.736   566.163     9.27   86.92
  65784.067   617.367   137.51  107.00
  66156.366   708.084   243.65  122.96
  66528.630   756.488   130.02  102.73
  66900.862   768.385    31.96  102.01
  67273.059   727.997  -108.51  124.62
  67645.224   658.960  -185.49  130.77
  68017.355   577.196  -219.70  127.15
  68389.452   528.441  -131.02  107.97
  68761.516   463.923  -173.39   95.93
  69133.547   447.903   -43.06   86.31
  69505.544   460.552    34.00   85.19
  69877.508   493.441    88.41  104.40
  70249.439   570.529   207.25  124.73
  70621.336   616.137   122.63  101.16
  70993.200   622.488    17.08   95.69
  71365.030   583.632  -104.49  125.30
  71736.828   500.402  -223.84  107.70
  72108.591   476.997   -62.95   83.67
  72480.322   454.003   -61.85   81.26
  72852.019   453.311    -1.86   85.85
  73223.683   447.224   -16.38   85.21
  73595.314   445.414    -4.87   78.10
  73966.912   477.998    87.68   81.77
  74338.476   490.102    32.57   75.76
  74710.007   458.215   -85.82   85.74
  75081.505   432.114   -70.25   87.40
  75452.969   390.311  -112.53   78.89
  75824.401   368.601   -58.45   71.74
  76195.799   382.759    38.12   77.40
  76567.164   401.601    50.73   73.93
  76938.496   427.387    69.44   61.04
  77309.794   399.564   -74.93   79.38
  77681.060   359.219  -108.66   84.62
  78052.292   330.256   -78.01   69.73
  78423.492   308.864   -57.62   67.14
  78794.658   309.441     1.55   82.07
  79165.791   304.733   -12.68   87.02
  79540.394   274.733   -80.08   84.72
  79918.223   273.806    -2.45   92.97
  80296.018   264.582   -24.41   90.81
  80673.778   274.073    25.12  112.71
  81051.504   298.092    63.58  122.86
  81429.195   319.159    55.77  120.87
  81806.853   341.281    58.57  110.18
  82184.475   348.348    18.71   91.68
  82562.064   342.399   -15.75   75.90
  82939.618   313.737   -75.91   89.95
  83317.138   267.268  -123.08  101.19
  83694.624   195.108  -191.14  105.85
  84072.075   140.696  -144.14   80.05
  84449.492   131.337   -24.79   79.44
  84826.875   179.108   126.57  117.71
  85204.223   254.568   199.96  101.75
  85581.538   321.526   177.44   98.51
  85958.818   393.330   190.30  127.29
  86336.064   448.941   147.40  133.30
  86713.275   488.510   104.89  104.62
  87090.453   487.460    -2.78   97.25
  87467.596   436.811  -134.28  126.89
  87844.705   360.691  -201.83  122.40
  88221.780   289.995  -187.47  136.16
  88598.821   231.469  -155.21  122.87
  88975.828   173.548  -153.62  119.10
  89352.801   105.130  -181.48   81.22
  89729.739    80.432   -65.52   57.66
  90106.644    85.227    12.72   62.08
  90483.514   119.921    92.05   79.31
  90860.350   196.762   203.89   93.31
  91237.152   274.845   207.20  101.00
  91613.920   327.182   138.90  103.04
  91990.655   349.450    59.10   86.24
  92367.355   332.383   -45.30   86.53
  92744.021   298.577   -89.74   75.36
  93120.653   272.581   -69.02   57.38
  93497.251   274.370     4.75   73.55
  93873.815   270.700    -9.74   79.04
  94250.345   267.111    -9.53   78.88
  94626.841   270.423     8.80   74.70
  95003.303   263.137   -19.35   63.57
  95379.731   246.414   -44.42   61.59
  95756.125   263.749    46.05   62.82
  96132.486   268.488    12.59   62.48
  96508.812   273.499    13.31   64.02
  96885.105   285.633    32.24   71.63
  97261.363   308.816    61.61   89.22
  97637.588   356.749   127.39   93.61
  98013.779   403.959   125.48   64.23
  98389.936   418.172    37.78   68.47
  98766.059   432.237    37.39   68.67
  99142.148   452.771    54.59   78.95
  99518.204   478.843    69.32   78.84
  99894.226   512.505    89.51   61.96
 100270.214   516.903    11.70   54.49
 100646.168   492.885   -63.88   65.46
 101022.088   463.696   -77.64   80.46
 101397.975   411.922  -137.72  107.62
 101773.827   360.902  -135.73  103.05
 102149.647   329.696   -83.03   96.13
 102525.432   302.450   -72.49   75.21
 102901.183   286.152   -43.37   67.69
 103276.901   284.281    -4.98   71.16
 103652.586   280.295   -10.61   75.49
 104028.236   275.052   -13.96   77.18
 104403.853   261.733   -35.45   74.53
 104779.436   241.305   -54.39   62.60
 105154.985   221.488   -52.76   55.16
 105530.501   192.559   -77.03   53.24
 105905.983   166.172   -70.27   56.84
 106281.432   143.318   -60.86   55.66
 106656.847   104.534  -103.30   49.96
 107032.228    78.152   -70.27   34.69
 107407.576    69.602   -22.78   34.55
 107782.890    84.828    40.56   58.05
 108158.171   111.941    72.24   71.44
 108533.418   146.922    93.21   63.08
 108908.631   170.186    62.00   54.30
 109283.811   182.086    31.72   53.00
 109658.958   198.241    43.06   55.35
 110034.071   220.780    60.08   50.11
 110409.150   243.537    60.67   46.47
 110784.196   256.777    35.30   51.82
 111159.208   280.830    64.13   62.95
 111534.187   335.306   145.26   88.31
 111909.133   394.584   158.08   90.82
 112284.045   445.019   134.51   66.92
 112658.923   473.941    77.14   48.47
 113033.768   471.224    -7.25   46.80
 113408.580   457.545   -36.49   46.54
 113783.358   425.979   -84.22   56.24
 114158.103   376.274  -132.62   68.82
 114532.815   323.102  -141.89   64.40
 114907.493   300.130   -61.30   52.31
 115282.138   321.848    57.96   73.11
 115656.749   367.191   121.02   75.12
 116031.327   391.582    65.11   63.25
 116405.872   377.652   -37.19   83.48
 116780.383   329.196  -129.37   97.86
 117154.861   252.237  -205.48  103.36
 117529.306   184.092  -181.97   91.11
 117903.717   142.095  -112.15   67.65
 118278.096   130.647   -30.57   54.40
 118652.441   146.847    43.27   65.99
 119026.752   197.561   135.47   82.36
 119401.031   264.224   178.09   90.31
 119775.276   343.682   212.29   89.23
 120149.488   404.923   163.63   99.81
 120523.666   473.510   183.28  115.41
 120897.812   525.601   139.21  104.62
 121271.924   545.589    53.42   78.73
 121646.003   536.172   -25.17   70.28
 122020.049   510.459   -68.73   69.21
 122394.062   470.078  -107.95   45.44
 122768.042   460.780   -24.86   53.55
 123141.988   456.941   -10.27   65.50
 123515.902   463.459    17.43   81.33
 123889.782   456.793   -17.83   95.03
 124263.629   441.672   -40.44  108.57
 124637.443   406.668   -93.63  121.68
 125011.224   368.701  -101.56  108.00
 125384.972   332.196   -97.66   81.27
 125758.687   301.809   -81.30   57.56
 126132.368   278.741   -61.72   55.29
 126506.017   226.515  -139.75   68.51
 126879.633   190.306   -96.90   63.95
 127253.215   162.995   -73.10   47.94
 127626.765   154.451   -22.87   43.36
 128000.281   162.237    20.84   46.52
 128373.765   165.614     9.04   42.25
 128747.215   164.034    -4.23   34.94
 129120.633   161.345    -7.20   23.62
 129494.018   165.608    11.42   23.94
 129867.369   187.811    59.46   30.88
 130240.688   213.545    68.92   39.15
 130613.974   249.205    95.52   41.83
 130987.227   284.979    95.83   47.88
 131360.447   332.715   127.88   53.68
 131733.634   364.191    84.33   36.52
 132106.788   366.243     5.50   34.77
 132479.909   348.345   -47.96   46.22
 132852.998   323.886   -65.55   44.04
 133226.053   314.639   -24.78   46.25
 133599.076   313.922    -1.92   53.37
 133972.066   317.745    10.25   49.58
 134345.023   308.576   -24.58   50.69
 134717.947   300.034   -22.90   47.94
 135090.839   292.729   -19.59   54.88
 135463.698   280.959   -31.56   57.01
 135836.523   265.806   -40.64   61.05
 136209.316   231.280   -92.60   62.91
 136582.077   191.172  -107.58   50.61
 136954.804   162.507   -76.89   44.16
 137327.499   141.377   -56.69   32.99
 137700.161   124.768   -44.56   32.02
 138072.791   111.141   -36.56   39.87
 138445.387   104.301   -18.36   41.99
 138817.951    91.886   -33.32   39.80
 139190.482    82.383   -25.51   35.97
 139562.981    75.432   -18.66   34.08
 139935.447    74.337    -2.94   32.83
 140307.880    86.056    31.46   35.37
 140680.281   118.780    87.86   54.96
 141052.649   143.205    65.58   52.71
 141424.984   159.811    44.59   47.91
 141797.287   171.576    31.59   48.86
 142169.557   199.256    74.34   63.37
 142541.794   243.601   119.11   59.77
 142913.999   266.281    60.92   46.18
 143286.171   281.979    42.18   27.69
 143658.311   271.787   -27.38   39.40
 144030.418   258.537   -35.60   51.87
 144402.493   251.633   -18.55   57.72
 144774.535   240.383   -30.23   59.83
 145146.545   234.581   -15.59   67.86
 145518.522   241.073    17.45   71.01
 145890.466   261.576    55.11   77.41
 146262.378   309.205   128.05   94.55
 146634.258   371.364   167.12   89.46
 147006.105   423.030   138.92   56.17
 147377.920   454.402    84.36   23.28
 147749.702   454.608     0.55   28.20
 148121.452   452.787    -4.90   34.86
 148493.169   440.545   -32.93   50.96
 148864.854   409.682   -83.02   65.62
 149236.506   380.201   -79.31   65.74
 149608.126   351.367   -77.58   57.18
 149979.714   321.000   -81.71   57.47
 150351.269   294.941   -70.12   69.04
 150722.792   250.205  -120.39   76.87
 151094.283   216.133   -91.70   72.20
 151465.741   188.559   -74.22   62.70
 151837.167   173.979   -39.25   52.80
 152208.560   158.941   -40.48   53.72
 152579.921   131.274   -74.49   68.77
 152951.250   100.182   -83.72   68.47
 153322.547    70.056   -81.12   47.39
 153693.811    57.111   -34.86   43.31
 154065.043    70.490    36.03   45.41
 154439.409    67.691    -7.48   45.24
 154817.163    62.459   -13.85   39.46
 155194.883    49.733   -33.69   35.16
 155572.570    42.450   -19.28   36.36
 155950.223    48.121    15.01   42.37
 156327.844    55.249    18.87   40.33
 156705.430    59.402    11.00   37.66
 157082.983    68.787    24.85   30.22
 157460.503    70.564     4.70   29.03
 157837.989    73.576     7.98   27.61
 158215.442    82.249    22.97   26.57
 158592.862    85.483     8.57   29.80
 158970.248    83.018    -6.53   32.05
 159347.601    75.018   -21.20   39.25
 159724.920    60.152   -39.39   39.86
 160102.206    54.979   -13.71   34.84
 160479.459    68.056    34.66   44.35
 160856.678    93.076    66.31   47.78
 161233.864   103.837    28.53   39.93
 161611.017    82.691   -56.06   51.55
 161988.136    62.729   -52.92   48.02
 162365.222    47.037   -41.61   37.98
 162742.275    43.268    -9.99   33.47
 163119.294    54.729    30.40   33.94
 163496.281    59.394    12.37   31.80
 163873.234    60.962     4.16   30.95
 164250.154    63.089     5.64   28.80
 164627.040    75.056    31.75   30.84
 165003.893    87.323    32.54   32.18
 165380.714   101.176    36.76   40.46
 165757.501   108.490    19.41   38.90
 166134.254   108.672     0.48   35.86
 166510.975   103.761   -13.03   33.06
 166887.662    96.790   -18.50   31.82
 167264.317    97.149     0.95   38.64
 167640.938   108.414    29.91   42.23
 168017.526   128.921    54.45   38.26
 168394.081   135.549    17.60   33.70
 168770.602   151.356    41.98   40.49
 169147.091   165.018    36.28   36.24
 169523.547   164.979    -0.10   35.54
 169899.969   155.999   -23.85   38.06
 170276.359   144.596   -30.29   33.83
 170652.715   134.666   -26.38   31.68
 171029.038   129.152   -14.65   36.82
 171405.329   130.848     4.51   39.29
 171781.586   136.710    15.58   40.14
 172157.810   146.432    25.83   34.90
 172534.001   158.092    30.99   31.95
 172910.160   160.852     7.34   28.61
 173286.285   159.274    -4.19   30.81
 173662.377   150.537   -23.23   33.10
 174038.437   145.111   -14.43   31.87
 174414.463   144.999    -0.30   34.56
 174790.456   153.274    22.01   29.05
 175166.417   154.210     2.49   25.41
 175542.344   152.280    -5.13   29.95
 175918.239   157.537    13.98   31.75
 176294.101   165.402    20.92   34.17
 176669.930   177.488    32.15   31.14
 177045.726   171.941   -14.76   30.25
 177421.489   155.977   -42.48   33.84
 177797.219   137.039   -50.39   32.36
 178172.917   115.977   -56.05   33.27
 178548.581    98.576   -46.31   34.94
 178924.213    86.601   -31.87   33.68
 179299.812    84.432    -5.78   31.36
 179675.378    88.647    11.22   34.03
 180050.911   105.441    44.71   34.76
 180426.412   115.255    26.13   28.25
 180801.880   109.777   -14.59   27.05
 181177.315   110.620     2.24   22.47
 181552.717   100.018   -28.24   20.11
 181928.087    80.668   -51.54   29.96
 182303.423    57.412   -61.95   37.86
 182678.727    31.811   -68.20   33.88
 183053.999    13.361   -49.16   23.03
 183429.237     3.682   -25.79   11.27
 183804.443     4.564     2.35   10.18
 184179.617    10.268    15.20   13.92
 184554.757    20.268    26.65   17.76
 184929.865    28.809    22.76   20.52
 185304.941    38.566    26.01   21.27
 185679.983    45.801    19.29   22.91
 186054.993    46.318     1.38   23.32
 186429.971    49.149     7.55   22.73
 186804.915    56.804    20.41   20.81
 187179.828    60.941    11.03   18.12
 187554.707    62.337     3.72   16.17
 187929.554    60.686    -4.40   15.85
 188304.369    59.019    -4.45   14.40
 188679.151    57.719    -3.47   13.37
 189053.900    60.576     7.62   14.63
 189428.617    59.490    -2.90   17.71
 189803.301    53.432   -16.17   20.80
 190177.953    49.882    -9.47   19.82
 190552.572    46.923    -7.90   19.04
 190927.159    49.306     6.36   17.65
 191301.713    53.330    10.74   13.88
 191676.235    53.541     0.56   13.85
 192050.725    52.595    -2.53   13.55
 192425.181    48.999    -9.60   14.20
 192799.606    46.196    -7.48   14.60
 193173.998    43.311    -7.70   16.53
 193548.358    39.133   -11.16   17.47
 193922.685    35.903    -8.63   18.00
 194296.980    28.510   -19.75   20.40
 194671.242    21.372   -19.07   18.78
 195045.472    19.358    -5.38   17.29
 195419.670    18.608    -2.00   16.67
 195793.835    24.652    16.15   18.44
 196167.968    31.999    19.63   15.88
 196542.068    35.215     8.60   13.63
 196916.137    34.595    -1.66   15.61
 197290.173    34.306    -0.77   14.34
 197664.176    32.858    -3.87   15.67
 198038.148    31.337    -4.06   15.49
 198412.087    27.479   -10.31   17.05
 198785.993    22.126   -14.31   16.82
 199159.868    16.672   -14.59   15.48
 199533.710    12.071   -12.31   13.86
 199907.520     7.451   -12.36   10.80
 200281.298     4.353    -8.29    8.86
 200655.043     2.677    -4.48    7.82
 201028.757     1.864    -2.17    7.34
 201402.438     0.450    -3.78    6.22
 201776.087    -0.941    -3.72    3.92
 202149.703    -1.259    -0.85    3.39
 202523.288    -2.059    -2.14    0.00
 202896.840    -2.059     0.00    0.00
 203270.360    -2.059     0.00    0.00
 203643.848    -2.059     0.00    0.00
 204017.304    -2.059     0.00    0.00
 204390.728    -2.059     0.00    0.00
 204764.120    -2.059     0.00    0.00
 205137.479    -2.059     0.00    0.00
 205510.807    -2.059     0.00    0.00
 205884.102    -2.059     0.00    0.00
 206257.365    -2.059     0.00    0.00
 206630.596    -2.059     0.00    0.00
 207003.796    -2.059     0.00    0.00
 207376.963    -2.059     0.00    0.00
 207750.098    -2.059     0.00    0.00
 208123.201    -2.059     0.00    0.00
 208496.272    -2.059     0.00    0.00
 208869.311    -2.059     0.00    0.00
 209242.318    -2.059     0.00    0.00
 209615.293    -2.059     0.00    0.00
 209988.236    -2.059     0.00    0.00
 210361.147    -2.059     0.00    0.00
 210734.026    -2.059     0.00    0.00
 211106.873    -2.059     0.00    0.00
 211479.689    -2.059     0.00    0.00
 211852.472    -2.059     0.00    0.00
 212225.223    -2.059     0.00    0.00
 212597.943    -2.059     0.00    0.00
 212970.630    -2.059     0.00    0.00
 213343.286    -2.059     0.00    0.00
 213715.910    -2.059     0.00    0.00
 214088.502    -2.059     0.00    0.00
 214461.062    -2.059     0.00    0.00
 214833.590    -2.059     0.00    0.00
 215206.087    -2.059     0.00    0.00
 215578.551    -2.059     0.00    0.00
 215950.984    -2.059     0.00    0.00
 216323.385    -2.059     0.00    0.00
 216695.754    -2.059     0.00    0.00
 217068.092    -2.059     0.00    0.00
 217440.397    -2.059     0.00    0.00
 217812.671    -2.059     0.00    0.00
 218184.913    -2.059     0.00    0.00
 218557.124    -2.059     0.00    0.00
 218929.302    -2.059     0.00    0.00
 219301.449    -2.059     0.00    0.00
 219673.564    -2.059     0.00    0.00
 220045.648    -2.059     0.00    0.00
 220417.699    -2.059     0.00    0.00
 220789.719    -2.059     0.00    0.00
 221161.708    -2.059     0.00    0.00
 221533.665    -2.059     0.00    0.00
 221905.590    -2.059     0.00    0.00
 222277.483    -2.059     0.00    0.00
 222649.345    -2.059     0.00    0.00
 223021.175    -2.059     0.00    0.00
 223392.973    -2.059     0.00    0.00
 223764.740    -2.059     0.00    0.00
 224136.476    -2.059     0.00    0.00
 224508.179    -2.059     0.00    0.00
 224879.852    -2.059     0.00    0.00
 225251.492    -2.059     0.00    0.00
 225623.101    -2.059     0.00    0.00
 225994.679    -2.059     0.00    0.00
 226366.224    -2.059     0.00    0.00
 226737.739    -2.059     0.00    0.00
 227109.222    -2.059     0.00    0.00
 227480.673    -2.059     0.00    0.00
 227852.093    -2.059     0.00    0.00
 228223.481    -2.059     0.00    0.00
 228594.838    -2.059     0.00    0.00
 228966.164    -2.059     0.00    0.00
 229340.341    -2.059     0.00    0.00
 229718.028    -2.059     0.00    0.00
 230095.683    -2.059     0.00    0.00
 230473.305    -2.059     0.00    0.00
 230850.894    -2.059     0.00    0.00
 231228.451    -2.059     0.00    0.00
 231605.976    -2.059     0.00    0.00
 231983.467    -2.059     0.00    0.00
 232360.926    -2.059     0.00    0.00
 232738.353    -2.059     0.00    0.00
 233115.747    -2.059     0.00    0.00
 233493.108    -2.059     0.00    0.00
 233870.437    -2.059     0.00    0.00
 234247.734    -2.059     0.00    0.00
 234624.998    -2.059     0.00    0.00
 235002.229    -2.059     0.00    0.00
 235379.428    -2.059     0.00    0.00
 235756.595    -2.059     0.00    0.00
 236133.729    -2.059     0.00    0.00
 236510.830    -2.059     0.00    0.00
 236887.899    -2.059     0.00    0.00
 237264.936    -2.059     0.00    0.00
 237641.940    -2.059     0.00    0.00
 238018.912    -2.059     0.00    0.00
 238395.852    -2.059     0.00    0.00
 238772.759    -2.059     0.00    0.00
 239149.634    -2.059     0.00    0.00
 239526.476    -2.059     0.00    0.00
 239903.286    -2.059     0.00    0.00
 240280.064    -2.059     0.00    0.00
 240656.809    -2.059     0.00    0.00
 241033.522    -2.059     0.00    0.00
 241410.203    -2.059     0.00    0.00
 241786.851    -2.059     0.00    0.00
 242163.467    -2.059     0.00    0.00
 242540.051    -2.059     0.00    0.00
 242916.603    -2.059     0.00    0.00
 243293.122    -2.059     0.00    0.00
 243669.609    -2.059     0.00    0.00
 244046.064    -2.059     0.00    0.00
 244422.486    -2.059     0.00    0.00
 244798.876    -2.059     0.00    0.00
 245175.234    -2.059     0.00    0.00
 245551.560    -2.059     0.00    0.00
 245927.854    -2.059     0.00    0.00
 246304.115    -2.059     0.00    0.00
 246680.345    -2.059     0.00    0.00
 247056.542    -2.059     0.00    0.00
 247432.707    -2.059     0.00    0.00
 247808.840    -2.059     0.00    0.00
 248184.941    -2.059     0.00    0.00
 248561.009    -2.059     0.00    0.00
 248937.046    -2.059     0.00    0.00
 249313.050    -2.059     0.00    0.00
 249689.022    -2.059     0.00    0.00
 250064.962    -2.059     0.00    0.00
 250440.871    -2.059     0.00    0.00
 250816.747    -2.059     0.00    0.00
 251192.591    -2.059     0.00    0.00
 251568.403    -2.059     0.00    0.00
 251944.183    -2.059     0.00    0.00
 252319.930    -2.059     0.00    0.00
 252695.646    -2.059     0.00    0.00
 253071.330    -2.059     0.00    0.00
 253446.982    -2.059     0.00    0.00
 253822.602    -2.059     0.00    0.00
 254198.190    -2.059     0.00    0.00
 254573.746    -2.059     0.00    0.00
