-258832.691   556.379     0.00  106.60
-258458.718   494.378  -165.75  108.01
-258084.714   453.554  -109.13   78.58
-257710.678   433.661   -53.17   51.72
-257336.611   453.965    54.27   64.31
-256962.512   476.930    61.37   62.51
-256588.381   493.926    45.42   53.12
-256214.218   494.985     2.83   38.14
-255840.024   516.967    58.73   37.66
-255465.798   547.122    80.56   48.46
-255091.540   593.715   124.46   72.59
-254717.251   625.274    84.30   77.82
-254342.929   656.100    82.33   80.40
-253968.576   687.965    85.10   73.94
-253594.192   705.798    47.62   66.52
-253219.775   757.514   138.09   71.22
-252845.326   820.236   167.46   95.92
-252470.846   891.370   189.91   93.26
-252096.334   925.678    91.58   66.14
-251721.790   922.115    -9.51   60.68
-251347.214   898.436   -63.20   63.58
-250972.607   856.746  -111.26   60.22
-250597.967   822.670   -90.93   60.72
-250223.296   769.255  -142.53   86.11
-249848.593   676.217  -248.24  122.63
-249473.858   579.397  -258.30  134.09
-249099.090   470.170  -291.38  113.92
-248724.291   388.946  -216.66   77.43
-248349.461   326.515  -166.52   53.36
-247974.598   280.064  -123.88   45.84
-247599.703   243.736   -96.88   36.68
-247224.776   238.004   -15.28   38.17
-246849.818   274.181    96.46   80.35
-246474.827   340.821   177.66  109.54
-246099.804   399.573   156.63  107.01
-245724.749   439.741   107.07  105.70
-245349.663   441.554     4.83  109.87
-244974.544   433.232   -22.18   97.65
-244599.393   427.962   -14.04   88.11
-244224.211   431.986    10.72   73.52
-243848.996   439.217    19.27   60.33
-243473.749   445.495    16.73   49.21
-243098.470   473.326    74.14   57.44
-242723.159   512.390   104.06   66.71
-242347.816   562.892   134.52   78.14
-241972.441   636.816   196.88   94.50
-241597.034   735.793   263.59  135.63
-241221.594   793.774   154.40  109.66
-240846.123   787.691   -16.20  115.29
-240470.619   718.194  -185.03  140.40
-240095.083   629.659  -235.70  105.64
-239719.515   549.582  -213.16   82.73
-239343.915   494.962  -145.39   63.69
-238968.283   448.142  -124.61   59.03
-238592.618   401.122  -125.13   51.87
-238216.922   370.664   -81.05   46.64
-237841.193   360.736   -26.42   35.40
-237465.432   366.351    14.94   37.17
-237089.638   393.240    71.53   43.82
-236713.813   436.358   114.70   38.39
-236337.955   481.220   119.33   64.01
-235962.065   538.475   152.28   84.88
-235586.142   599.684   162.78  107.45
-235210.188   640.543   108.66  114.40
-234834.201   685.420   119.33  111.10
-234458.182   720.573    93.46   95.03
-234082.130   728.149    20.14   75.82
-233706.046   751.260    61.44   68.46
-233329.930   772.965    57.70   66.84
-232953.781   781.573    22.88   61.52
-232577.601   776.140   -14.44   62.68
-232201.387   742.736   -88.77   84.74
-231825.142   666.024  -203.84   95.63
-231448.864   586.649  -210.90   82.54
-231072.553   518.965  -179.82   81.46
-230696.210   448.926  -186.06   69.41
-230319.835   396.809  -138.44   66.29
-229943.428   340.911  -148.47   57.73
-229566.988   311.928   -76.97   38.11
-229190.515   303.750   -21.72   30.33
-228814.010   321.795    47.92   37.97
-228437.473   358.122    96.45   51.26
-228060.903   403.985   121.76   58.12
-227684.301   453.063   130.29   69.06
-227307.666   526.930   196.08   92.18
-226930.998   596.967   185.89  106.28
-226554.298   661.240   170.58   73.74
-226177.566   687.545    69.81   47.67
-225800.801   656.005   -83.69   70.93
-225424.004   599.279  -150.51   76.30
-225047.174   548.220  -135.46   71.89
-224670.311   497.582  -134.34   61.65
-224293.416   457.137  -107.29   58.91
-223916.488   419.867   -98.86   47.15
-223539.528   391.858   -74.29   36.98
-223162.535   364.005   -73.87   40.40
-222785.509   336.377   -73.26   45.14
-222408.451   309.064   -72.42   49.45
-222031.360   281.428   -73.27   42.04
-221654.237   257.409   -63.68   39.88
-221277.081   231.120   -69.69   37.17
-220899.892   217.045   -37.31   39.19
-220522.670   200.671   -43.40   34.47
-220145.416   183.428   -45.70   21.83
-219768.129   175.024   -22.27    6.56
-219390.810   175.685     1.75    9.65
-219013.457   180.140    11.80   12.77
-218636.072   187.370    19.16   13.96
-218258.654   193.295    15.69   10.61
-217881.204   197.760    11.83   10.10
-217503.720   204.274    17.25   16.58
-217126.204   217.965    36.26   25.11
-216748.656   239.061    55.86   31.44
-216371.074   256.620    46.49   36.96
-215993.459   271.458    39.28   38.01
-215615.812   286.087    38.73   35.81
-215238.132   291.647    14.72   29.71
-214865.924   301.640    26.84   28.91
-214494.642   306.338    12.65   24.83
-214123.329   310.005     9.87   22.90
-213751.983   311.062     2.85   22.06
-213380.607   308.161    -7.81   24.79
-213009.198   314.404    16.80   32.15
-212637.758   311.717    -7.23   35.52
-212266.286   300.233   -30.91   39.33
-211894.782   272.913   -73.52   48.81
-211523.247   238.543   -92.49   36.97
-211151.680   219.115   -52.28   31.58
-210780.081   202.467   -44.79   22.24
-210408.450   188.897   -36.51   21.84
-210036.788   175.612   -35.74   19.73
-209665.094   164.755   -29.20   17.44
-209293.368   157.911   -18.41   10.04
-208921.610   157.377    -1.44   10.90
-208549.820   159.376     5.38   13.49
-208177.999   163.887    12.13   18.26
-207806.146   164.935     2.82   22.14
-207434.261   165.717     2.10   22.42
-207062.344   164.951    -2.06   21.14
-206690.395   161.447    -9.42   22.26
-206318.415   161.571     0.33   25.16
-205946.402   160.606    -2.59   26.53
-205574.358   155.416   -13.95   22.52
-205202.281   150.321   -13.69   19.52
-204830.173   143.344   -18.74   15.70
-204458.033   136.703   -17.84    7.07
-204085.861   134.571    -5.73    4.79
-203713.657   131.909    -7.15    5.35
-203341.421   127.580   -11.63    7.20
-202969.153   124.428    -8.46    7.63
-202596.854   123.792    -1.71   11.91
-202224.522   126.870     8.27   19.76
-201852.158   126.232    -1.71   18.78
-201479.762   123.332    -7.79   15.27
-201107.334   118.420   -13.18    6.47
-200734.875   119.691     3.41    9.63
-200362.383   128.083    22.53   20.03
-199989.859   141.969    37.27   25.39
-199617.303   156.409    38.75   25.29
-199244.715   171.821    41.36   28.45
-198872.095   178.313    17.42   35.30
-198499.443   199.678    57.32   52.29
-198126.758   222.712    61.79   52.67
-197754.042   238.809    43.18   42.19
-197381.294   246.928    21.78   30.79
-197008.513   248.024     2.94   29.08
-196635.701   249.524     4.02   27.43
-196262.856   246.043    -9.34   30.13
-195889.979   235.024   -29.54   34.38
-195517.070   212.140   -61.36   33.17
-195144.128   185.120   -72.43   37.87
-194771.155   157.404   -74.30   34.13
-194398.149   135.061   -59.89   32.57
-194025.111   117.313   -47.57   22.39
-193652.041   106.461   -29.08    9.19
-193278.939   103.217    -8.69    2.55
-192905.805   102.596    -1.66    3.92
-192532.638   102.809     0.57    4.46
-192159.439   102.928     0.32    5.09
-191786.208   101.722    -3.23    4.70
-191412.944   101.004    -1.92    4.96
-191039.648    99.515    -3.99    4.84
-190666.320    98.063    -3.89    4.72
-190292.960    96.667    -3.74    4.63
-189919.567    94.870    -4.81    3.45
-189546.142    93.571    -3.48    3.41
-189172.685    93.172    -1.07    3.21
-188799.195    92.828    -0.92    2.87
-188425.673    92.206    -1.67    2.37
-188052.119    91.704    -1.34    2.11
-187678.532    90.570    -3.04    2.71
-187304.913    89.390    -3.16    2.81
-186931.261    87.987    -3.75    3.14
-186557.577    86.232    -4.70    3.45
-186183.861    84.159    -5.55    3.58
-185810.112    82.310    -4.95    3.21
-185436.331    81.691    -1.66    2.49
-185062.517    81.246    -1.19    2.22
-184688.671    81.332     0.23    2.22
-184314.793    85.949    12.35   11.53
-183940.881   103.293    46.38   33.80
-183566.938   131.318    74.93   44.33
-183192.962   159.971    76.60   36.77
-182818.953   179.563    52.37   21.09
-182444.912   184.079    12.07   15.23
-182070.839   182.043    -5.44   15.38
-181696.733   162.987   -50.93   31.65
-181322.594   136.698   -70.25   32.54
-180948.423   115.534   -56.55   25.23
-180574.219    98.986   -44.21    9.28
-180199.983    91.697   -19.47    9.34
-179825.714    85.842   -15.64    7.93
-179451.412    82.467    -9.02    5.60
-179077.078    82.005    -1.23    3.10
-178702.711    83.774     4.73    3.14
-178328.312    85.736     5.24    2.54
-177953.880    86.909     3.13    1.66
-177579.415    87.005     0.26    1.70
-177204.918    87.582     1.54    1.88
-176830.388    88.081     1.33    1.97
-176455.825    88.563     1.29    1.95
-176081.229    88.884     0.86    1.92
-175706.601    88.968     0.22    1.81
-175331.941    88.926    -0.11    1.82
-174957.247    89.100     0.46    1.87
-174582.521    90.062     2.57    2.82
-174207.762    90.515     1.21    3.06
-173832.970    91.573     2.82    3.39
-173458.145    91.563    -0.03    3.21
-173083.288    91.345    -0.58    2.56
-172708.398    90.986    -0.96    1.99
-172333.475    91.364     1.01    1.81
-171958.519    91.659     0.79    1.82
-171583.531    92.417     2.02    2.50
-171208.510    93.103     1.83    2.28
-170833.455    93.469     0.98    2.25
-170458.368    94.062     1.58    2.04
-170083.249    94.137     0.20    1.69
-169708.096    94.515     1.01    1.36
-169332.910    94.867     0.94    1.72
-168957.692    94.989     0.32    1.73
-168582.440    95.120     0.35    1.69
-168207.156    94.913    -0.55    1.72
-167831.839    94.524    -1.04    1.55
-167456.488    94.137    -1.03    1.44
-167081.105    93.551    -1.56    1.71
-166705.689    93.104    -1.19    1.76
-166330.240    92.506    -1.59    1.64
-165954.758    91.851    -1.74    1.62
-165579.243    91.302    -1.46    1.87
-165203.695    90.315    -2.63    2.02
-164828.114    89.288    -2.73    1.95
-164452.500    88.203    -2.89    2.20
-164076.853    87.024    -3.14    2.31
-163701.173    85.697    -3.53    2.19
-163325.460    84.563    -3.02    2.13
-162949.714    83.741    -2.19    2.25
-162573.935    85.079     3.56    7.65
-162198.122    88.685     9.59   12.69
-161822.277    96.703    21.33   21.71
-161446.398   102.264    14.79   27.91
-161070.487   100.895    -3.64   28.45
-160694.542    97.647    -8.64   29.27
-160318.564    83.524   -37.56   15.87
-159942.553    84.061     1.43   19.55
-159566.509    90.534    17.21   26.43
-159190.432   100.042    25.28   29.61
-158814.321   108.601    22.75   28.77
-158438.177   108.154    -1.19   26.33
-158062.001   102.083   -16.14   28.23
-157685.791    86.986   -40.12   25.38
-157309.547    73.802   -35.03   15.93
-156933.271    66.101   -20.46    4.12
-156556.961    64.697    -3.73    3.72
-156180.618    63.351    -3.58    2.79
-155804.242    62.895    -1.21    2.62
-155427.832    62.632    -0.70    3.06
-155051.389    62.836     0.54    3.43
-154674.913    62.432    -1.07    3.49
-154298.404    62.609     0.47    3.27
-153921.861    62.765     0.41    2.99
-153545.285    62.313    -1.20    2.99
-153168.675    61.760    -1.47    2.87
-152792.033    61.170    -1.57    2.87
-152415.357    60.601    -1.51    2.74
-152038.647    60.137    -1.23    2.82
-151661.904    59.851    -0.76    2.73
-151285.128    59.197    -1.74    1.92
-150908.318    58.505    -1.84    2.03
-150531.475    58.120    -1.02    2.17
-150154.599    57.290    -2.20    1.85
-149777.689    56.601    -1.83    1.89
-149400.746    55.515    -2.88    2.60
-149023.769    53.892    -4.30    3.23
-148646.759    51.467    -6.43    3.48
-148269.715    49.364    -5.57    2.80
-147892.638    47.722    -4.35    1.75
-147515.527    46.652    -2.84    2.55
-147138.383    45.609    -2.76    3.63
-146761.205    44.175    -3.80    4.81
-146383.994    43.432    -1.97    5.10
-146006.749    43.197    -0.62    5.00
-145629.471    43.249     0.14    4.81
-145252.159    41.580    -4.42    4.58
-144874.814    40.813    -2.03    4.63
-144497.435    39.824    -2.62    4.43
-144120.022    39.293    -1.41    3.83
-143742.576    39.892     1.59    3.12
-143365.096    40.345     1.20    2.25
-142987.582    40.604     0.69    2.90
-142610.035    40.561    -0.11    4.11
-142232.454    43.345     7.37    5.76
-141854.840    45.715     6.28    5.82
-141477.192    48.691     7.88    4.63
-141099.510    50.100     3.73    3.42
-140721.795    48.172    -5.10    6.93
-140344.046    45.005    -8.38    9.02
-139971.534    41.154   -10.34   10.17
-139600.350    35.926   -14.08    8.63
-139229.134    31.810   -11.09    4.67
-138857.886    30.288    -4.10    2.35
-138486.605    30.061    -0.61    2.31
-138115.291    29.947    -0.31    2.38
-137743.945    30.024     0.21    2.66
-137372.567    29.685    -0.91    2.73
-137001.156    29.161    -1.41    2.58
-136629.712    28.951    -0.57    2.14
-136258.236    28.844    -0.29    1.48
-135886.727    29.100     0.69    1.83
-135515.186    29.024    -0.20    1.90
-135143.612    28.870    -0.41    1.75
-134772.006    28.987     0.31    2.16
-134400.366    29.005     0.05    2.75
-134028.695    28.751    -0.68    3.31
-133656.990    28.628    -0.33    3.68
-133285.253    28.685     0.15    3.65
-132913.484    28.424    -0.70    3.42
-132541.682    28.220    -0.55    3.51
-132169.847    27.704    -1.39    4.71
-131797.979    27.307    -1.07    4.68
-131426.079    26.100    -3.25    4.14
-131054.146    25.042    -2.84    3.43
-130682.180    25.659     1.66    4.62
-130310.182    28.950     8.85    8.31
-129938.151    33.101    11.16   10.06
-129566.087    37.178    10.96    9.84
-129193.990    41.302    11.08    7.37
-128821.861    43.534     6.00    4.32
-128449.699    43.806     0.73    3.08
-128077.504    44.240     1.17    2.44
-127705.276    44.256     0.04    3.35
-127333.015    44.647     1.05    2.26
-126960.722    44.005    -1.72    2.21
-126588.396    43.751    -0.68    1.98
-126216.037    43.439    -0.84    1.52
-125843.645    44.417     2.63    3.45
-125471.220    44.844     1.15    3.64
-125098.763    44.802    -0.11    3.53
-124726.272    44.697    -0.28    3.81
-124353.749    44.543    -0.41    4.21
-123981.193    43.609    -2.51    3.30
-123608.603    42.652    -2.57    2.38
-123235.981    42.588    -0.17    1.72
-122863.326    42.709     0.33    1.68
-122490.639    42.515    -0.52    2.14
-122117.918    42.124    -1.05    2.33
-121745.164    41.326    -2.14    3.33
-121372.377    40.753    -1.54    4.15
-120999.557    40.987     0.63    4.97
-120626.704    41.760     2.07    5.34
-120253.819    42.497     1.98    4.96
-119880.900    43.313     2.19    4.15
-119507.948    43.728     1.11    3.73
-119134.963    43.370    -0.96    4.28
-118761.945    40.678    -7.22    6.24
-118388.894    36.635   -10.84    8.67
-118015.810    34.697    -5.19    8.47
-117642.693    36.471     4.75    9.14
-117269.543    40.779    11.54    8.50
-116896.360    44.261     9.33    5.63
-116523.143    46.553     6.14    3.77
-116149.894    48.876     6.22    4.77
-115776.611    52.697    10.23    7.26
-115403.296    56.809    11.01    8.22
-115029.947    60.661    10.32    8.60
-114656.565    63.224     6.87   10.41
-114283.149    62.617    -1.63   11.28
-113909.701    60.137    -6.64   11.44
-113536.219    58.774    -3.65   10.41
-113162.704    69.614    29.02   19.72
-112789.156    79.968    27.72   22.41
-112415.575    87.351    19.76   17.75
-112041.961    87.836     1.30   15.70
-111668.313    85.339    -6.68   17.70
-111294.632    85.364     0.07   22.49
-110920.918    93.288    21.20   25.53
-110547.170   100.288    18.73   20.79
-110173.389   100.628     0.91   18.90
-109799.575    96.213   -11.81   18.85
-109425.728    91.678   -12.13   16.83
-109051.847    95.269     9.60   16.54
-108677.933   105.337    26.92   13.87
-108303.985   102.524    -7.52   16.74
-107930.005   101.947    -1.54   19.15
-107555.990    98.315    -9.71   19.85
-107181.943    94.307   -10.71   20.30
-106807.862    94.489     0.48   24.27
-106433.748    88.005   -17.33   25.05
-106059.600    84.928    -8.22   24.87
-105685.419    78.213   -17.94   21.75
-105311.204    74.967    -8.67   18.61
-104936.956    70.988   -10.63   14.71
-104562.675    70.220    -2.05   14.55
-104188.360    76.435    16.60   15.69
-103814.012    84.005    20.22   15.89
-103439.630    88.302    11.48   21.67
-103065.214   103.388    40.29   34.87
-102690.766   121.338    47.93   44.18
-102316.283   137.933    44.31   48.80
-101941.767   149.364    30.52   48.37
-101567.218   137.043   -32.89   49.97
-101192.635   118.345   -49.91   44.00
-100818.018   109.496   -23.62   32.24
-100443.368   121.524    32.10   41.81
-100068.685   148.024    70.72   51.84
 -99693.967   178.879    82.33   46.88
 -99319.216   204.697    68.89   41.33
 -98944.432   213.024    22.22   34.91
 -98569.614   205.928   -18.93   35.88
 -98194.762   188.697   -45.96   44.94
 -97819.877   169.469   -51.29   41.32
 -97444.958   163.487   -15.95   39.68
 -97070.005   163.080    -1.09   33.53
 -96695.019   163.524     1.19   33.77
 -96319.998   156.307   -19.24   41.18
 -95944.945   142.432   -36.99   35.08
 -95569.857   148.154    15.25   33.06
 -95194.736   146.081    -5.53   31.45
 -94819.581   137.042   -24.09   33.53
 -94444.392   109.652   -73.00   38.97
 -94069.170    84.080   -68.14   33.08
 -93693.914    65.135   -50.48   25.51
 -93318.624    53.313   -31.50    4.86
 -92943.300    64.333    29.36   22.19
 -92567.942    90.736    70.33   43.53
 -92192.551   112.167    57.09   41.54
 -91817.126   114.755     6.89   40.31
 -91441.667   106.765   -21.28   42.77
 -91066.174    86.760   -53.27   36.48
 -90690.647    82.269   -11.96   36.08
 -90315.087    93.061    28.73   43.67
 -89939.492   111.612    49.39   48.93
 -89563.864   130.006    48.96   50.07
 -89188.202   146.839    44.80   42.86
 -88812.506   173.209    70.18   42.60
 -88436.776   192.897    52.39   49.14
 -88061.012   212.475    52.10   47.83
 -87685.214   226.606    37.60   46.43
 -87309.382   231.063    11.86   57.02
 -86933.516   236.358    14.09   58.10
 -86557.616   231.159   -13.83   57.55
 -86181.683   233.671     6.68   43.27
 -85805.715   231.631    -5.43   40.97
 -85429.713   236.760    13.64   38.30
 -85053.677   240.765    10.65   44.86
 -84677.607   254.851    37.45   48.43
 -84301.504   289.580    92.33   60.68
 -83925.366   342.251   140.02   75.97
 -83549.194   382.593   107.23   77.23
 -83172.988   444.370   164.20   64.27
 -82796.748   476.876    86.39   54.66
 -82420.473   490.006    34.89   45.11
 -82044.165   483.124   -18.29   55.36
 -81667.823   449.364   -89.70   70.95
 -81291.446   402.947  -123.31   74.99
 -80915.035   362.561  -107.28   73.82
 -80538.590   323.191  -104.58   59.40
 -80162.111   292.685   -81.02   44.33
 -79785.598   271.477   -56.32   39.73
 -79409.051   248.704   -60.47   43.42
 -79032.469   218.913   -79.10   50.69
 -78655.853   177.783  -109.20   51.77
 -78279.204   160.970   -44.64   48.56
 -77902.519   151.620   -24.82   42.90
 -77525.801   155.617    10.61   51.55
 -77149.048   157.703     5.54   52.61
 -76772.261   142.390   -40.64   50.53
 -76395.440   126.792   -41.39   38.16
 -76018.584   112.083   -39.03   22.24
 -75641.695   106.239   -15.51   13.65
 -75264.770   105.477    -2.02   13.17
 -74887.812   103.326    -5.71    9.63
 -74510.819   104.461     3.01    8.81
 -74133.792   107.652     8.46   12.83
 -73756.731   117.315    25.63   22.57
 -73379.635   129.730    32.92   29.26
 -73002.505   141.515    31.25   32.66
 -72625.340   149.876    22.17   31.88
 -72248.141   160.213    27.40   34.45
 -71870.908   169.721    25.20   36.04
 -71493.640   172.984     8.65   36.60
 -71116.338   175.006     5.36   34.59
 -70739.001   179.358    11.53   32.02
 -70361.630   184.788    14.39   33.88
 -69984.224   200.471    41.55   37.54
 -69606.784   221.156    54.80   42.68
 -69229.310   252.756    83.71   43.48
 -68851.801   279.390    70.54   48.61
 -68474.257   297.950    49.16   56.03
 -68096.679   314.120    42.82   60.22
 -67719.066   319.103    13.19   59.93
 -67341.419   312.114   -18.51   53.33
 -66963.738   300.858   -29.80   47.13
 -66586.021   294.598   -16.57   39.14
 -66208.271   296.678     5.51   34.63
 -65830.485   301.432    12.58   30.67
 -65452.665   314.364    34.23   32.01
 -65079.775   326.477    32.48   30.39
 -64708.690   333.339    18.49   31.86
 -64337.572   335.117     4.79   38.18
 -63966.421   330.024   -13.72   44.55
 -63595.236   322.061   -21.45   50.87
 -63224.018   322.006    -0.15   53.01
 -62852.767   320.274    -4.66   46.47
 -62481.482   323.346     8.27   33.66
 -62110.164   324.832     4.00   30.35
 -61738.812   316.953   -21.22   27.36
 -61367.427   306.654   -27.73   24.33
 -60996.009   299.970   -18.00   23.10
 -60624.557   293.709   -16.85   18.97
 -60253.072   289.817   -10.48   18.59
 -59881.553   288.774    -2.81   22.33
 -59510.001   286.534    -6.03   22.71
 -59138.416   285.279    -3.38   24.30
 -58766.797   280.140   -13.83   20.54
 -58395.145   274.821   -14.31   19.31
 -58023.459   270.774   -10.89   19.26
 -57651.739   267.968    -7.55   18.99
 -57279.987   263.571   -11.82   20.21
 -56908.200   257.970   -15.07   20.71
 -56536.380   264.685    18.06   31.81
 -56164.527   280.779    43.28   44.59
 -55792.640   304.836    64.68   43.42
 -55420.719   326.986    59.55   32.48
 -55048.765   333.969    18.77   26.97
 -54676.777   334.197     0.61   23.66
 -54304.756   332.274    -5.17   27.25
 -53932.701   321.652   -28.55   32.90
 -53560.612   309.846   -31.73   38.85
 -53188.490   301.024   -23.70   39.43
 -52816.334   286.191   -39.86   42.18
 -52444.145   275.381   -29.04   38.71
 -52071.922   279.024     9.79   40.15
 -51699.665   283.631    12.38   43.90
 -51327.375   307.967    65.36   43.12
 -50955.050   319.450    30.84   37.66
 -50582.693   323.717    11.46   39.02
 -50210.301   331.703    21.45   33.83
 -49837.876   356.172    65.70   38.00
 -49465.417   380.949    66.52   37.22
 -49092.924   404.751    63.90   40.80
 -48720.397   421.949    46.16   48.00
 -48347.837   441.307    51.96   54.60
 -47975.243   451.467    27.27   52.35
 -47602.615   442.783   -23.30   49.20
 -47229.953   435.178   -20.41   54.38
 -46857.258   414.315   -55.98   61.51
 -46484.529   378.968   -94.83   57.64
 -46111.765   345.274   -90.38   48.30
 -45738.968   319.232   -69.85   45.06
 -45366.138   301.932   -46.40   38.48
 -44993.273   301.497    -1.17   33.80
 -44620.374   313.632    32.54   48.90
 -44247.442   323.864    27.43   48.82
 -43874.475   327.217     8.99   49.39
 -43501.475   322.279   -13.24   42.44
 -43128.441   320.666    -4.32   38.57
 -42755.373   335.345    39.35   43.37
 -42382.271   350.399    40.35   35.47
 -42009.135   357.119    18.01   33.31
 -41635.965   335.770   -57.21   46.11
 -41262.761   306.911   -77.32   41.72
 -40889.523   277.715   -78.22   39.04
 -40516.251   258.962   -50.24   31.96
 -40142.945   255.043   -10.50   30.31
 -39769.605   252.383    -7.12   30.91
 -39396.231   259.315    18.57   33.25
 -39022.823   263.741    11.85   31.21
 -38649.381   258.899   -12.97   28.82
 -38275.904   260.628     4.63   28.35
 -37902.394   266.779    16.47   32.66
 -37528.850   277.806    29.52   37.06
 -37155.271   294.120    43.67   41.88
 -36781.659   301.989    21.06   38.51
 -36408.012   313.159    29.89   38.55
 -36034.331   322.442    24.84   39.82
 -35660.616   313.388   -24.23   33.86
 -35286.867   313.930     1.45   31.23
 -34913.084   319.542    15.01   29.77
 -34539.266   314.496   -13.50   30.78
 -34165.415   301.679   -34.28   42.67
 -33791.529   278.524   -61.93   45.94
 -33417.609   251.839   -71.36   45.88
 -33043.654   229.358   -60.12   40.82
 -32669.666   209.477   -53.16   36.55
 -32295.643   189.506   -53.39   28.95
 -31921.586   180.170   -24.96   28.01
 -31547.495   173.553   -17.69   29.69
 -31173.369   173.209    -0.92   31.93
 -30799.210   165.079   -21.73   28.46
 -30425.015   157.678   -19.78   24.23
 -30050.787   151.932   -15.35   14.98
 -29676.524   158.100    16.48   25.13
 -29302.227   173.489    41.11   33.02
 -28927.896   196.571    61.66   37.38
 -28553.530   218.061    57.40   38.51
 -28179.130   229.733    31.17   44.46
 -27804.695   240.741    29.40   46.54
 -27430.226   249.339    22.96   39.93
 -27055.723   253.236    10.40   33.37
 -26681.185   252.524    -1.90   28.36
 -26306.613   259.302    18.09   29.66
 -25932.006   273.024    36.63   36.81
 -25557.365   298.239    67.30   38.58
 -25182.690   314.395    43.12   40.34
 -24807.980   338.188    63.50   44.65
 -24433.235   365.659    73.30   57.55
 -24058.456   388.469    60.86   63.08
 -23683.643   404.524    42.84   55.15
 -23308.795   403.779    -1.99   50.38
 -22933.912   396.043   -20.64   38.57
 -22558.995   408.388    32.93   44.52
 -22184.044   442.911    92.07   62.08
 -21809.058   477.043    91.02   57.35
 -21434.037   508.858    84.83   32.51
 -21058.982   520.101    29.98   20.93
 -20683.892   523.479     9.00   25.69
 -20308.767   530.672    19.18   25.28
 -19933.608   539.524    23.59   22.76
 -19558.414   535.779    -9.98   27.21
 -19183.186   522.571   -35.20   26.26
 -18807.923   509.424   -35.03   24.27
 -18432.625   499.428   -26.63   23.98
 -18057.293   491.239   -21.82   29.50
 -17681.926   496.137    13.05   45.41
 -17306.524   509.933    36.75   70.18
 -16931.088   565.395   147.72  107.27
 -16555.617   614.326   130.32  106.54
 -16180.111   657.971   116.23   75.87
 -15804.570   671.949    37.22   40.07
 -15428.995   646.292   -68.31   48.98
 -15053.384   603.178  -114.78   49.92
 -14677.740   560.061  -114.78   53.36
 -14302.060   520.450  -105.44   36.49
 -13926.345   492.043   -75.61   34.05
 -13550.596   459.224   -87.34   42.64
 -13174.812   430.760   -75.74   45.67
 -12798.993   399.442   -83.33   38.10
 -12423.139   369.584   -79.44   30.55
 -12047.250   344.358   -67.11   33.15
 -11671.327   316.081   -75.22   33.30
 -11295.368   290.542   -67.93   33.80
 -10919.375   265.609   -66.31   33.87
 -10543.347   238.895   -71.04   31.55
 -10167.284   212.654   -69.78   27.72
  -9791.186   195.486   -45.65   23.12
  -9415.053   177.642   -47.44   21.09
  -9038.885   168.534   -24.21   22.21
  -8662.682   160.292   -21.91   24.61
  -8286.444   159.543    -1.99   28.19
  -7910.171   167.395    20.87   34.27
  -7533.863   170.667     8.70   34.25
  -7157.521   170.161    -1.34   38.98
  -6781.143   163.149   -18.63   45.86
  -6404.730   145.402   -47.15   42.82
  -6028.282   124.370   -55.87   39.26
  -5651.799   100.661   -62.97   39.52
  -5275.281    73.345   -72.55   38.90
  -4898.728    48.917   -64.87   33.95
  -4522.140    34.873   -37.29   29.40
  -4145.516    23.413   -30.43   28.29
  -3768.858    24.612     3.18   34.13
  -3392.164    25.950     3.55   41.40
  -3015.436    17.876   -21.43   38.31
  -2638.672    10.154   -20.50   26.96
  -2261.873     2.788   -19.55   16.21
  -1885.039    -1.806   -12.19    8.90
  -1508.169    -4.212    -6.38    2.07
  -1131.265    -4.533    -0.85    1.53
   -754.325    -4.476     0.15    1.67
   -377.350    -4.605    -0.34    1.71
     -0.340    -4.886    -0.75    1.58
    376.705    -4.976    -0.24    1.53
    753.786    -5.315    -0.90    0.88
   1130.902    -5.369    -0.14    0.59
   1508.053    -5.399    -0.08    0.57
   1885.239     1.578    18.50   23.08
   2262.461    30.395    76.39   56.76
   2639.718    87.006   150.06   90.92
   3017.011   141.824   145.29   87.28
   3394.338   162.062    53.63   78.52
   3771.701   126.078   -95.36   77.82
   4149.100    75.159  -134.92   45.41
   4526.534    55.333   -52.53   27.63
   4904.003    57.151     4.82   32.97
   5281.507    66.496    24.75   33.23
   5659.047    74.131    20.22   33.68
   6036.623    82.741    22.80   31.66
   6414.234    97.114    38.06   33.17
   6791.880   120.103    60.88   35.62
   7169.561   144.154    63.68   43.74
   7547.279   174.406    80.09   52.42
   7925.031   194.765    53.90   59.95
   8302.819   213.697    50.11   60.96
   8680.643   231.524    47.18   59.80
   9058.502   236.239    12.48   49.08
   9436.397   234.024    -5.86   39.26
   9809.733   223.006   -29.51   36.27
  10180.711   205.080   -48.32   39.90
  10551.724   187.685   -46.89   40.15
  10922.770   172.911   -39.82   36.22
  11293.851   168.376   -12.22   30.55
  11664.965   170.406     5.47   28.93
  12036.114   164.524   -15.85   38.15
  12407.297   146.042   -49.79   45.58
  12778.515   135.424   -28.60   42.53
  13149.766   131.471   -10.65   38.84
  13521.052   127.647   -10.30   40.40
  13892.372   115.770   -31.99   47.07
  14263.727   104.561   -30.18   48.87
  14635.115   129.949    68.36   71.90
  15006.538   180.279   135.51   97.93
  15377.996   219.642   105.97   90.09
  15749.487   259.635   107.66   80.53
  16121.013   262.376     7.38   75.28
  16492.573   242.315   -53.99   65.49
  16864.168   224.332   -48.40   71.27
  17235.797   188.524   -96.36   64.98
  17607.460   154.601   -91.28   56.40
  17979.158   143.810   -29.03   46.46
  18350.890   149.570    15.49   49.14
  18722.656   172.739    62.32   59.94
  19094.457   214.042   111.09   72.19
  19466.292   240.487    71.12   86.89
  19838.162   264.203    63.78   88.87
  20210.066   271.854    20.57   79.99
  20582.004   283.297    30.77   80.24
  20953.978   305.659    60.12   85.72
  21325.985   330.864    67.75   84.86
  21698.027   340.571    26.09   83.90
  22070.104   349.551    24.14   85.04
  22442.215   352.450     7.79   85.78
  22814.360   357.774    14.31   78.24
  23186.540   365.736    21.39   71.03
  23558.755   404.858   105.11   88.73
  23931.004   461.279   151.57   94.59
  24303.288   525.553   172.65  109.07
  24675.606   580.395   147.30  109.09
  25047.959   605.678    67.90   89.93
  25420.347   602.842    -7.62   95.79
  25792.769   557.779  -121.00   94.30
  26165.226   494.659  -169.47   85.08
  26537.717   446.024  -130.57   86.39
  26910.243   428.358   -47.43   81.45
  27282.804   439.115    28.88   76.20
  27655.399   448.722    25.79   69.89
  28028.029   448.442    -0.75   59.27
  28400.694   421.563   -72.13   69.78
  28773.394   371.970  -133.07   81.92
  29146.128   331.469  -108.66   61.76
  29518.897   306.006   -68.31   50.33
  29891.700   290.783   -40.83   43.40
  30264.539   287.274    -9.41   51.03
  30637.412   285.524    -4.69   63.39
  31010.320   278.315   -19.33   74.18
  31383.263   274.078   -11.36   64.90
  31756.240   251.274   -61.14   63.66
  32129.253   225.221   -69.85   60.95
  32502.300   196.345   -77.41   54.61
  32875.382   168.751   -73.96   50.29
  33248.499   143.302   -68.21   41.42
  33621.650   125.647   -47.32   32.38
  33994.837   111.774   -37.17   31.18
  34368.058    92.135   -52.62   35.45
  34741.315    78.333   -36.98   36.32
  35114.606    65.736   -33.75   31.03
  35487.932    70.876    13.77   35.53
  35861.293    78.409    20.18   39.59
  36234.689    81.828     9.16   43.87
  36608.120    83.561     4.64   45.89
  36981.586    76.239   -19.61   47.07
  37355.087    65.624   -28.42   43.55
  37728.623    56.728   -23.82   39.21
  38102.194    45.060   -31.23   30.79
  38475.800    38.467   -17.65   24.44
  38849.440    37.024    -3.86   21.56
  39223.116    38.678     4.43   26.96
  39596.827    39.515     2.24   30.17
  39970.573    40.339     2.20   31.99
  40344.354    34.911   -14.52   25.67
  40718.171    37.649     7.33   26.87
  41092.022    37.588    -0.16   25.77
  41465.908    38.788     3.21   24.35
  41839.830    36.461    -6.22   22.32
  42213.786    34.617    -4.93   20.20
  42587.778    37.043     6.49   27.69
  42961.805    42.042    13.36   34.92
  43335.867    50.487    22.58   40.59
  43709.964    58.614    21.72   47.66
  44084.096    65.988    19.71   52.29
  44458.264    63.413    -6.88   51.07
  44832.466    45.810   -47.04   44.34
  45206.704    39.534   -16.77   41.96
  45580.977    48.221    23.21   50.24
  45955.286    59.288    29.57   52.33
  46329.630    69.751    27.95   48.39
  46704.008    68.987    -2.04   41.46
  47078.423    69.839     2.28   32.34
  47452.872    65.989   -10.28   28.76
  47827.357    58.358   -20.38   27.14
  48201.877    58.261    -0.26   25.63
  48576.432    54.220   -10.79   23.86
  48951.023    44.913   -24.85   28.31
  49325.649    42.175    -7.31   29.92
  49700.311    36.685   -14.65   28.91
  50075.007    40.951    11.39   30.53
  50449.740    53.078    32.36   29.26
  50824.507    56.935    10.29   28.46
  51199.310    62.913    15.95   32.22
  51574.149    75.346    33.17   38.18
  51949.022    85.063    25.92   36.12
  52323.932    87.079     5.38   35.57
  52698.876    89.515     6.50   34.71
  53073.857    86.969    -6.79   34.68
  53448.872    90.203     8.62   34.16
  53823.923    95.242    13.44   37.06
  54199.010   112.078    44.89   41.84
  54574.132   130.647    49.50   31.87
  54949.290   131.114     1.24   30.37
  55324.483   121.612   -25.32   33.04
  55699.712   121.533    -0.21   29.66
  56074.976   123.432     5.06   29.22
  56450.276   124.381     2.53   28.98
  56825.611   119.524   -12.94   33.03
  57200.982   111.469   -21.46   40.05
  57576.389    97.292   -37.77   39.75
  57951.831    81.313   -42.56   33.98
  58327.309    75.328   -15.94   24.24
  58702.823    81.191    15.61   29.27
  59078.372    99.756    49.44   34.36
  59453.957   115.954    43.13   31.34
  59829.577   115.395    -1.49   32.68
  60205.233   110.506   -13.01   34.08
  60580.925    98.269   -32.57   31.55
  60956.653   103.149    12.99   32.23
  61332.416   113.178    26.69   26.94
  61708.215   112.370    -2.15   22.11
  62084.050   115.221     7.59   21.08
  62459.920   112.824    -6.38   24.29
  62835.827   108.989   -10.20   23.81
  63211.769   108.506    -1.28   23.10
  63587.747   113.661    13.71   22.52
  63963.761   123.313    25.67   21.11
  64339.810   132.114    23.40   23.27
  64715.896   125.079   -18.71   26.75
  65092.017   117.899   -19.09   28.25
  65468.174   110.879   -18.66   26.97
  65844.367   109.765    -2.96   23.50
  66220.596   118.078    22.10   25.08
  66596.860   121.364     8.73   21.37
  66973.161   109.988   -30.23   27.18
  67349.497   100.265   -25.84   30.56
  67725.870    97.792    -6.57   28.76
  68102.278    97.560    -0.62   26.79
  68478.723   103.679    16.26   24.62
  68855.203   105.721     5.42   22.58
  69231.719    98.928   -18.04   23.99
  69608.271    93.221   -15.16   31.60
  69984.860    84.151   -24.08   38.86
  70361.484    73.417   -28.50   36.07
  70738.144    70.861    -6.79   34.58
  71114.841    64.170   -17.76   31.02
  71491.573    57.897   -16.65   27.17
  71868.342    48.409   -25.18   20.51
  72245.146    47.506    -2.40   17.46
  72621.987    49.949     6.48   19.47
  72998.863    62.381    32.99   27.14
  73375.776    75.024    33.55   25.44
  73752.725    83.188    21.66   24.02
  74129.710    90.721    19.98   23.44
  74506.731   101.968    29.83   25.86
  74883.789   117.679    41.67   27.41
  75260.882   120.534     7.57   29.05
  75638.012   114.097   -17.07   29.86
  76015.178   106.370   -20.49   28.51
  76392.380    91.024   -40.69   25.74
  76769.618    84.203   -18.08   26.48
  77146.893    89.487    14.01   32.08
  77524.204    96.424    18.39   35.06
  77901.551    99.100     7.09   35.68
  78278.934   101.697     6.88   30.49
  78656.354    96.679   -13.30   31.15
  79033.810    92.274   -11.67   28.54
  79411.302    71.477   -55.10   34.54
  79788.831    53.642   -47.24   37.25
  80166.395    34.435   -50.88   39.58
  80543.997    11.659   -60.32   19.35
  80921.634     3.703   -21.07   12.73
  81299.308    -1.568   -13.96    4.56
  81677.018    -2.190    -1.65    3.43
  82054.765    -1.922     0.71    4.39
  82432.548    -1.825     0.26    3.86
  82810.368    -1.654     0.45    3.71
  83188.224    -1.919    -0.70    3.43
  83566.116     6.256    21.64   20.50
  83944.045    29.971    62.75   43.15
  84322.010    55.533    67.64   47.26
  84695.889    81.149    68.52   41.44
  85066.764   107.487    71.02   30.50
  85437.674   118.060    28.51   31.94
  85808.619   116.967    -2.95   37.19
  86179.599   104.131   -34.60   41.52
  86550.614    85.043   -51.45   46.00
  86921.664    69.881   -40.87   40.62
  87292.749    77.061    19.35   36.38
  87663.870    74.256    -7.56   31.74
  88035.025    76.839     6.96   31.66
  88406.216    79.861     8.14   30.99
  88777.441    75.328   -12.21   31.14
  89148.702    67.151   -22.03   29.20
  89519.998    62.381   -12.85   29.21
  89891.329    48.269   -38.01   35.45
  90262.696    24.788   -63.24   29.18
  90634.097    10.709   -37.91   19.49
  91005.534     8.770    -5.22   15.75
  91377.006    19.006    27.56   24.56
  91748.513    32.881    37.35   27.36
  92120.056    47.061    38.17   31.15
  92491.633    65.614    49.93   37.35
  92863.246    76.703    29.84   35.92
  93234.894    90.079    35.99   31.15
  93606.578    97.614    20.27   21.69
  93978.296    98.515     2.42   20.20
  94350.050    95.024    -9.39   25.40
  94721.840    83.024   -32.28   32.32
  95093.664    71.006   -32.33   32.65
  95465.524    55.370   -42.05   30.96
  95837.420    49.274   -16.39   26.47
  96209.350    51.061     4.81   27.06
  96581.317    51.328     0.72   26.19
  96953.318    53.760     6.54   25.38
  97325.355    58.551    12.88   27.18
  97697.427    62.453    10.49   28.37
  98069.535    64.873     6.51   29.11
  98441.678    76.989    32.56   33.52
  98813.857    90.851    37.25   31.20
  99186.071    98.828    21.43   22.63
  99558.320   101.188     6.34   15.51
  99930.605    96.137   -13.57   13.79
 100302.926    93.149    -8.03   10.23
 100675.282    89.097   -10.88   11.63
 101047.673    83.864   -14.06   14.12
 101420.100    79.188   -12.56   13.02
 101792.563    76.970    -5.96    8.47
 102165.061    74.409    -6.88    9.31
 102537.595    69.435   -13.35   11.61
 102910.164    65.062   -11.74   12.03
 103282.769    63.167    -5.09   13.48
 103655.410    63.424     0.69   13.48
 104028.086    62.570    -2.29   11.50
 104400.797    61.042    -4.10   10.62
 104773.545    61.097     0.15   10.86
 105146.328    60.292    -2.16   11.47
 105519.146    59.760    -1.43   11.12
 105892.001    58.721    -2.79    9.43
 106264.891    58.345    -1.01    7.61
 106637.816    60.989     7.09    8.22
 107010.778    63.691     7.25    7.97
 107383.775    70.417    18.03   11.34
 107756.808    86.824    43.99   25.89
 108129.876   106.578    52.95   32.21
 108502.981   128.656    59.18   30.30
 108876.121   144.450    42.33   25.17
 109249.297   154.006    25.61   27.93
 109622.508   162.082    21.64   28.80
 109995.756   160.381    -4.56   28.06
 110369.039   154.824   -14.89   27.82
 110742.358   149.679   -13.78   26.85
 111115.713   137.524   -32.56   27.02
 111489.104   126.570   -29.34   26.67
 111862.531   117.649   -23.89   22.23
 112235.994   111.080   -17.59   18.36
 112609.492   104.221   -18.37   11.43
 112983.026   103.101    -3.00   10.76
 113356.597   100.846    -6.04    9.20
 113730.203    97.442    -9.11    7.51
 114103.845    92.131   -14.22    9.43
 114477.523    85.188   -18.58   14.72
 114851.237    80.170   -13.43   16.19
 115224.987    75.667   -12.05   17.31
 115598.773    73.642    -5.42   18.01
 115972.595    73.864     0.59   18.34
 116346.453    80.697    18.28   23.44
 116720.347   100.796    53.76   35.27
 117094.277   125.228    65.35   29.40
 117468.243   136.042    28.92   15.21
 117842.246   133.588    -6.56   15.20
 118216.284   125.006   -22.95   13.17
 118590.358   118.043   -18.62    6.23
 118964.469   117.376    -1.78    7.32
 119338.615   118.953     4.21   10.11
 119712.798   122.477     9.42   10.41
 120087.017   124.453     5.28    9.46
 120461.271   125.911     3.90    9.86
 120835.563   128.151     5.99   11.44
 121209.890   131.358     8.57   11.99
 121584.253   134.172     7.52   12.81
 121958.653   138.094    10.48   10.47
 122333.089   140.024     5.15   11.54
 122707.561   141.972     5.20   10.73
 123082.069   142.534     1.50    7.55
 123456.613   144.524     5.32    7.84
 123831.194   148.817    11.46    8.53
 124205.811   154.346    14.76   10.10
 124580.464   158.061     9.92    9.47
 124955.154   159.274     3.24    9.91
 125329.880   159.096    -0.48   12.05
 125704.642   156.988    -5.63   17.76
 126079.441   151.846   -13.72   18.36
 126454.276   142.620   -24.61   17.86
 126829.147   134.954   -20.45   15.08
 127204.054   129.388   -14.85   13.43
 127578.998   122.638   -18.00   15.17
 127953.979   115.399   -19.31   14.18
 128328.995   108.810   -17.57   12.82
 128704.049   107.417    -3.71    9.05
 129079.138   107.097    -0.85    8.03
 129454.264   104.935    -5.76    8.03
 129829.427   103.986    -2.53    7.64
 130204.626   101.685    -6.13    6.54
 130579.861   101.533    -0.40    6.08
 130955.133   103.287     4.67    6.48
 131330.441   105.831     6.78    7.02
 131705.786   105.489    -0.91   11.06
 132081.168   100.024   -14.56   15.24
 132456.585    93.178   -18.24   17.12
 132832.040    86.287   -18.36   15.48
 133207.531    81.551   -12.61   14.55
 133583.059    76.881   -12.44   12.25
 133958.623    70.167   -17.88   11.14
 134334.224    62.346   -20.83   11.08
 134709.861    53.953   -22.35   10.59
 135085.535    50.333    -9.64    8.25
 135461.246    50.524     0.51    7.37
 135836.993    55.467    13.16    9.74
 136212.777    68.649    35.09   21.13
 136588.598    86.424    47.30   26.29
 136964.455   103.112    44.41   23.60
 137340.349   117.568    38.46   13.46
 137716.280   121.917    11.57   14.69
 138092.248   126.274    11.59   12.04
 138468.252   128.178     5.06   11.08
 138844.293   132.621    11.82   11.21
 139220.371   141.292    23.06   31.83
 139596.485   156.614    40.74   48.34
 139972.637   156.185    -1.14   48.56
 140348.825   152.096   -10.87   40.72
 140725.050   145.417   -17.75   22.07
 141101.311   143.802    -4.29   10.20
 141477.610   157.274    35.81   22.76
 141853.945   188.137    82.02   55.98
 142230.318   246.524   155.15   93.27
 142606.727   319.079   192.78  106.30
 142983.173   395.861   203.99  103.48
 143359.656   461.953   175.58   77.32
 143736.176   509.206   125.52   84.96
 144112.732   534.042    65.97   77.64
 144489.326   536.332     6.08   76.33
 144865.957   521.340   -39.81   80.57
 145242.624   480.170  -109.32   73.03
 145619.329   445.606   -91.77   73.62
 145996.071   414.381   -82.89   70.91
 146372.849   397.897   -43.76   68.27
 146749.665   423.638    68.32   97.34
 147126.517   451.505    73.96  103.54
 147503.407   503.274   137.38   91.75
 147880.334   533.346    79.79   82.66
 148257.298   532.685    -1.75   70.20
 148634.298   525.733   -18.44   64.56
 149011.336   489.733   -95.50   89.28
 149388.411   450.828  -103.19   91.65
 149765.524   426.159   -65.43   71.27
 150142.673   468.221   111.54   96.13
 150519.859   514.721   123.30   82.21
 150897.083   502.096   -33.47   86.29
 151274.344   435.524  -176.49  127.67
 151651.642   350.302  -225.91  123.03
 152028.977   283.596  -176.81   68.50
 152406.349   263.821   -52.41   55.57
 152783.758   310.662   124.13   90.41
 153161.205   381.876   188.70   90.19
 153538.689   448.846   177.44   94.53
 153916.211   516.697   179.76   95.26
 154293.769   545.239    75.61   79.18
 154671.365   514.217   -82.17   98.90
 155048.998   432.217  -217.18  142.43
 155426.668   308.239  -328.32  136.88
 155804.376   213.515  -250.83   90.59
 156182.121   153.024  -160.16   53.67
 156559.903   119.498   -88.76   25.91
 156937.723   107.524   -31.70   12.10
 157315.580   105.489    -5.39   13.09
 157693.475   109.101     9.56   20.85
 158071.407   131.796    60.06   40.55
 158449.376   162.261    80.61   50.15
 158827.383   202.274   105.87   50.57
 159205.427   257.515   146.15   71.96
 159579.927   322.453   173.43  100.92
 159950.691   420.739   265.13  125.38
 160321.492   508.802   237.53  111.43
 160692.328   565.899   153.99   93.57
 161063.201   573.765    21.21   95.91
 161434.109   526.399  -127.72  112.69
 161805.054   459.351  -180.78  104.27
 162176.034   420.489  -104.77   73.55
 162547.050   410.624   -26.59   62.04
 162918.103   405.471   -13.89   63.14
 163289.191   389.274   -43.65   73.19
 163660.315   376.621   -34.10   69.11
 164031.476   385.580    24.14   73.93
 164402.672   396.442    29.27   75.47
 164773.905   385.515   -29.44   86.71
 165145.173   357.137   -76.45   90.62
 165516.478   353.221   -10.55   91.07
 165887.819   395.890   114.92  126.81
 166259.196   474.393   211.42  119.65
 166630.609   529.024   147.12   81.53
 167002.058   511.287   -47.76   92.85
 167373.543   446.864  -173.45   93.55
 167745.065   385.796  -164.40   79.91
 168116.622   346.542  -105.67   68.02
 168488.216   319.661   -72.35   84.73
 168859.846   288.042   -85.10   95.67
 169231.512   270.590   -46.96   88.80
 169603.214   261.060   -25.64   65.31
 169974.953   273.640    33.85   70.23
 170346.728   313.756   107.92   82.08
 170718.539   387.096   197.28   81.08
 171090.387   442.515   149.06   93.19
 171462.270   524.453   220.37  116.58
 171834.190   602.533   209.97  102.26
 172206.146   650.679   129.46   86.74
 172578.139   675.842    67.66   86.13
 172950.168   647.059   -77.38   94.39
 173322.233   595.213  -139.37   99.44
 173694.335   536.256  -158.47  117.75
 174066.473   450.505  -230.47  123.77
 174438.647   411.864  -103.84  105.25
 174810.858   378.042   -90.88   91.87
 175183.105   352.077   -69.76  105.54
 175555.389   318.006   -91.53  115.05
 175927.709   263.235  -147.14   99.61
 176300.065   213.578  -133.38   57.50
 176672.458   187.515   -70.00   12.17
 177044.887   182.621   -13.14   11.26
 177417.353   179.496    -8.39   12.43
 177789.856   179.480    -0.04   13.52
 178162.395   176.913    -6.89   22.07
 178534.970   162.393   -38.98   31.91
 178907.582   144.399   -48.30   32.34
 179280.230   127.399   -45.63   22.31
 179652.915   121.739   -15.19   16.81
 180025.637   129.515    20.87   27.51
 180398.395   147.346    47.84   38.87
 180771.190   164.542    46.14   43.89
 181144.021   204.480   107.14   68.21
 181516.889   261.428   152.76   86.68
 181889.793   327.399   176.94  106.96
 182262.734   417.897   242.70  118.83
 182635.712   506.506   237.62  132.75
 183008.727   625.733   319.69  144.10
 183381.778   710.310   226.76  118.09
 183754.866   769.114   157.64   76.36
 184127.990   780.489    30.49   74.80
 184501.152   780.358    -0.35   82.42
 184874.350   767.739   -33.82   84.50
 185247.585   744.550   -62.14   97.07
 185620.856   690.486  -144.87  114.92
 185994.164   596.810  -250.98  132.01
 186367.509   496.806  -267.91  131.28
 186740.891   388.899  -289.05  122.21
 187114.310   282.471  -285.07   85.31
 187487.765   227.239  -147.92   53.14
 187861.258   225.971    -3.40   51.56
 188234.787   256.376    81.42   71.91
 188608.353   313.849   153.88   84.79
 188981.956   368.770   147.03   75.30
 189355.595   428.093   158.80   95.12
 189729.272   511.783   224.01  100.55
 190102.985   598.364   231.72  112.59
 190476.736   660.270   165.67  100.34
 190850.523   669.340    24.27   97.51
 191224.348   609.936  -158.94  138.98
 191598.209   513.328  -258.46  154.79
 191972.107   407.667  -282.65  132.72
 192346.042   351.582  -150.02   79.99
 192720.014   395.112   116.42  118.20
 193094.024   502.461   287.08  143.67
 193468.070   553.287   135.91  106.06
 193842.153   540.828   -33.31  110.36
 194216.273   472.814  -181.83  131.62
 194590.431   372.077  -269.29  106.91
 194964.625   302.406  -186.23   71.20
 195338.857   280.498   -58.55   50.03
 195713.125   291.420    29.19   53.12
 196087.431   342.305   135.97   62.84
 196461.774   375.307    88.18   69.64
 196836.154   394.197    50.47   83.66
 197210.571   428.024    90.37   85.86
 197585.025   454.935    71.88   98.55
 197959.517   494.042   104.45   94.19
 198334.045   542.788   130.18   75.46
 198708.611   555.252    33.28   71.94
 199083.214   541.836   -35.82   85.77
 199457.854   518.542   -62.19   95.03
 199832.532   486.728   -84.93   82.42
 200207.246   482.203   -12.08   75.99
 200581.998   490.792    22.92   67.84
 200956.788   501.315    28.08   61.11
 201331.614   500.409    -2.42   62.39
 201706.478   506.674    16.72   64.17
