#    4.015 -32.086  74.406 ;Mean Elev.(m), Avg Gradient(m/km), RMS Gradient(m/km) - SRTM1     
#    1.744 -32.160  74.247 ;Mean Elev.(m), Avg Gradient(m/km), RMS Gradient(m/km) - ASTER GDEM
#   11.987 -33.602  77.398 ;Mean Elev.(m), Avg Gradient(m/km), RMS Gradient(m/km) - GMTED2010 
 15     3.615 52723.78064282 17.82 237.760177  45.557999  3.758
 15     3.600 52723.78064346 18.75 237.758937  45.554749  3.758
 15     6.809 52723.78064411 20.07 237.757703  45.551494  5.268
 15     6.744 52723.78064475 22.09 237.756463  45.548244  5.268
 21     4.967 52933.78070404 21.08 237.749062  45.555187 10.968
 21     6.690 52933.78070469 17.48 237.747832  45.551927 10.968
 21     5.623 52933.78070533 13.86 237.746592  45.548677 10.968
 21     5.289 52933.78070597 26.10 237.745362  45.545427 10.968
 32     6.484 53318.78072003 17.06 237.765356  45.556781 11.815
 32     6.631 53318.78072068 18.17 237.764116  45.553531 11.815
 32     6.942 53318.78072132 29.45 237.762886  45.550281 11.815
 32     8.192 53318.78072196 35.36 237.761646  45.547031 11.815
 34     4.813 53388.78068670 28.27 237.762921  45.555158 19.438
 34     9.381 53388.78068734 29.05 237.761681  45.551908 19.438
 34     4.485 53388.78068799 28.98 237.760451  45.548648 19.438
 38     7.642 53528.78075277 13.04 237.764072  45.557645  7.861
 38     7.973 53528.78075341 13.45 237.762842  45.554395  7.861
 38     8.627 53528.78075406 14.61 237.761602  45.551145  7.861
 38     8.614 53528.78075470 15.94 237.760372  45.547895  7.861
 50    10.344 53948.78073142 10.31 237.747983  45.555833 15.809
 50     9.636 53948.78073206 11.11 237.746743  45.552583 15.809
 50    13.480 53948.78073271 14.11 237.745513  45.549333 15.809
 50    13.764 53948.78073335 16.18 237.744273  45.546073 15.809
 76     7.944 54858.78055042 14.05 237.766464  45.555428  3.895
 76     8.386 54858.78055106 17.77 237.765224  45.552178  3.895
 80     7.520 54998.78060760 12.36 237.756424  45.557036  7.368
 80     7.916 54998.78060824 12.72 237.755184  45.553786  7.368
 80     8.448 54998.78060889 12.84 237.753954  45.550536  7.368
 80     8.634 54998.78060953 22.69 237.752714  45.547286  7.368
 84     6.173 55138.78053205 12.76 237.759304  45.555877  8.378
 84     6.668 55138.78053269 12.71 237.758074  45.552627  8.378
 84     7.397 55138.78053334 14.11 237.756834  45.549377  8.378
 87     8.550 55243.78049775 14.11 237.762757  45.555541  9.639
 87     7.644 55243.78049840 15.75 237.761517  45.552291  9.639
 87     8.356 55243.78049904 20.41 237.760287  45.549041  9.639
