#    0.430 -35.233  63.923 ;Mean Elev.(m), Avg Gradient(m/km), RMS Gradient(m/km) - SRTM1     
#    6.754 -35.070  63.781 ;Mean Elev.(m), Avg Gradient(m/km), RMS Gradient(m/km) - ASTER GDEM
#    2.059 -35.601  67.541 ;Mean Elev.(m), Avg Gradient(m/km), RMS Gradient(m/km) - GMTED2010 
  7   -31.537 52446.78452529 23.72 236.575150  46.240434 14.790
  7   -29.372 52446.78452593 14.73 236.573890  46.237184 14.790
  7   -29.002 52446.78452658 14.26 236.572630  46.233934 14.790
  7   -29.371 52446.78452722 14.09 236.571370  46.230684 14.790
  7   -29.354 52446.78452787 15.07 236.570110  46.227434 14.790
  7   -29.993 52446.78452916 17.42 236.567590  46.220934 14.790
  7   -31.597 52446.78452980 18.44 236.566330  46.217684 14.790
  7   -29.185 52446.78453045 18.38 236.565070  46.214434 14.790
  7   -31.604 52446.78453109 26.45 236.563810  46.211184 14.790
  7   -33.705 52446.78453174 25.88 236.562556  46.207931  8.433
  7   -31.004 52446.78453238 19.51 236.561296  46.204681  8.433
  7   -30.889 52446.78453303 21.87 236.560036  46.201431  8.433
  8     3.338 52481.78451731 23.41 236.575699  46.232002 20.899
  8     3.814 52481.78451795 21.13 236.574439  46.228752 20.899
  8     3.603 52481.78451860 22.04 236.573179  46.225502 20.899
  8     3.513 52481.78451924 23.54 236.571919  46.222252 20.899
  8     1.827 52481.78451989 26.31 236.570659  46.219002 20.899
  8     3.178 52481.78452053 27.06 236.569399  46.215752 20.899
  8     2.045 52481.78452118 26.75 236.568139  46.212502 20.899
  8     1.683 52481.78452182 25.46 236.566879  46.209252 20.899
  8     1.763 52481.78452247 22.52 236.565629  46.206002 20.899
  8     2.204 52481.78452311 20.96 236.564369  46.202752 20.899
  8     2.985 52481.78452376 28.37 236.563107  46.199497  6.906
  9     1.933 52516.78447183 21.99 236.577311  46.226867 15.981
  9     1.894 52516.78447247 21.35 236.576051  46.223617 15.981
  9     2.486 52516.78447312 19.15 236.574792  46.220363 10.091
  9     2.739 52516.78447376 20.77 236.573532  46.217113 10.091
  9     1.814 52516.78447441 21.03 236.572282  46.213863 10.091
  9     2.273 52516.78447505 21.04 236.571022  46.210613 10.091
  9     1.922 52516.78447570 20.94 236.569762  46.207363 10.091
  9     1.988 52516.78447634 20.71 236.568502  46.204113 10.091
  9     2.384 52516.78447699 20.18 236.567242  46.200863 10.091
  9     2.308 52516.78447763 20.09 236.565982  46.197613 10.091
 10     8.386 52551.78452031 19.83 236.579119  46.226532 22.231
 10     7.946 52551.78452095 18.10 236.577859  46.223282 22.231
 10     8.897 52551.78452160 16.62 236.576599  46.220032 22.231
 10     3.468 52551.78452417 20.99 236.571559  46.207032 22.231
 10     3.221 52551.78452482 21.99 236.570299  46.203782 22.231
 10     2.551 52551.78452546 21.46 236.569041  46.200531  6.675
 10     2.233 52551.78452611 20.82 236.567781  46.197281  6.675
 10     2.048 52551.78452675 19.93 236.566521  46.194031  6.675
 11     4.595 52586.78449634 19.98 236.581325  46.221137 18.903
 11     4.196 52586.78449698 17.62 236.580075  46.217887 18.903
 11     3.014 52586.78449763 18.44 236.578815  46.214637 18.903
 11     4.816 52586.78449827 18.55 236.577555  46.211387 18.903
 11     4.883 52586.78449892 24.29 236.576295  46.208137 18.903
 11     1.818 52586.78449956 32.77 236.575035  46.204897 18.903
 11     2.444 52586.78450021 27.51 236.573775  46.201647 18.903
 11     1.638 52586.78450085 21.91 236.572515  46.198397 18.903
 11     2.239 52586.78450150 18.85 236.571265  46.195147 18.903
 11     2.095 52586.78450214 19.59 236.570005  46.191897 18.903
 11     2.039 52586.78450279 18.49 236.568745  46.188647 18.903
 12     9.122 52621.78446571 23.25 236.575385  46.232954 21.016
 12     6.543 52621.78446636 21.22 236.574125  46.229704 21.016
 12     6.146 52621.78446700 20.73 236.572865  46.226454 21.016
 12     5.940 52621.78446765 20.40 236.571605  46.223204 21.016
 12     6.189 52621.78446829 20.19 236.570346  46.219951 10.807
 12     5.716 52621.78446894 20.26 236.569086  46.216701 10.807
 12     6.919 52621.78446958 19.77 236.567836  46.213451 10.807
 12     5.694 52621.78447023 22.72 236.566576  46.210201 10.807
 12     3.796 52621.78447087 24.88 236.565316  46.206951 10.807
 12     8.876 52621.78447152 20.82 236.564056  46.203701 10.807
 12     4.968 52621.78447216 20.52 236.562796  46.200451 10.807
 13     4.560 52656.78447124 21.79 236.582998  46.222457 12.604
 13     5.942 52656.78447189 18.39 236.581738  46.219207 12.604
 13     5.124 52656.78447253 20.54 236.580478  46.215957 12.604
 13     6.427 52656.78447318 19.79 236.579218  46.212707 12.604
 13     6.494 52656.78447382 23.71 236.577958  46.209457 12.604
 13     7.212 52656.78447446 20.72 236.576708  46.206207 12.604
 13     4.122 52656.78447511 18.75 236.575448  46.202957 12.604
 15   162.104 52726.78449958 11.04 236.579804  46.222082 30.943
 15   166.317 52726.78450022  8.22 236.578544  46.218842 30.943
 15   170.552 52726.78450087  8.22 236.577284  46.215592 30.943
 15     5.620 52726.78450151 19.05 236.576024  46.212342 30.943
 15     7.255 52726.78450216 19.69 236.574764  46.209092 30.943
 15     6.452 52726.78450280 19.27 236.573504  46.205842 30.943
 15     8.436 52726.78450345 20.92 236.572254  46.202592 30.943
 15     9.452 52726.78450409 20.66 236.570994  46.199342 30.943
 15     9.202 52726.78450474 22.36 236.569734  46.196092 30.943
 15    10.040 52726.78450538 22.87 236.568474  46.192842 30.943
 20    10.088 52901.78461177 17.86 236.575715  46.226516 21.353
 20     5.438 52901.78461241 19.10 236.574455  46.223266 21.353
 20     3.807 52901.78461306 26.04 236.573200  46.220013 11.865
 20     8.694 52901.78461370 17.85 236.571940  46.216763 11.865
 20     3.757 52901.78461435 20.10 236.570680  46.213513 11.865
 20     3.045 52901.78461499 21.33 236.569420  46.210263 11.865
 20     3.193 52901.78461563 19.48 236.568160  46.207013 11.865
 20     3.738 52901.78461628 17.25 236.566900  46.203763 11.865
 20     2.661 52901.78461692 20.81 236.565640  46.200513 11.865
 20     3.082 52901.78461757 29.93 236.564380  46.197263 11.865
 21     5.586 52936.78454978 17.51 236.575300  46.238391 16.914
 21     5.788 52936.78455043 18.15 236.574040  46.235141 16.914
 21     6.262 52936.78455107 16.53 236.572780  46.231891 16.914
 21     5.201 52936.78455172 17.85 236.571520  46.228641 16.914
 21     5.050 52936.78455236 17.71 236.570260  46.225391 16.914
 21     4.205 52936.78455301 18.89 236.569003  46.222137 13.310
 21     4.068 52936.78455365 20.27 236.567743  46.218887 13.310
 21     8.724 52936.78455430 18.25 236.566493  46.215637 13.310
 21     3.116 52936.78455494 30.22 236.565233  46.212387 13.310
 21     8.025 52936.78455559 27.98 236.563973  46.209137 13.310
 21     3.272 52936.78455623 24.07 236.562713  46.205887 13.310
 21     3.645 52936.78455687 21.49 236.561453  46.202637 13.310
 22     5.161 52971.78457964 23.50 236.579289  46.223519 17.875
 22     3.246 52971.78458028 23.50 236.578029  46.220269 17.875
 22     3.149 52971.78458093 24.02 236.576769  46.217019 17.875
 22     3.095 52971.78458157 24.19 236.575509  46.213769 17.875
 22     2.592 52971.78458222 24.22 236.574249  46.210519 17.875
 22     3.437 52971.78458286 23.95 236.572989  46.207269 17.875
 22     3.092 52971.78458350 25.61 236.571739  46.204019 17.875
 22     3.549 52971.78458415 29.05 236.570479  46.200769 17.875
 22     6.298 52971.78458479 30.12 236.569219  46.197529 17.875
 22     2.906 52971.78458544 28.35 236.567959  46.194279 17.875
 22     2.287 52971.78458608 38.78 236.566699  46.191029 17.875
 23    10.378 53006.78459016 22.72 236.575024  46.232932 20.611
 23     5.835 53006.78459081 22.22 236.573764  46.229682 20.611
 23    11.693 53006.78459468 24.40 236.566203  46.210181 12.837
 23     3.986 53006.78459532 28.04 236.564943  46.206931 12.837
 23    11.377 53006.78459596 21.67 236.563683  46.203681 12.837
 23     4.311 53006.78459661 24.14 236.562433  46.200431 12.837
 24     7.149 53041.78454496 22.35 236.581714  46.223816 14.637
 24     6.305 53041.78454560 20.31 236.580459  46.220567 16.763
 24     5.485 53041.78454624 20.47 236.579199  46.217317 16.763
 24     6.647 53041.78454689 20.99 236.577939  46.214067 16.763
 24     7.664 53041.78454753 21.35 236.576679  46.210817 16.763
 24     9.409 53041.78454818 21.61 236.575419  46.207567 16.763
 24     5.016 53041.78454882 23.77 236.574159  46.204317 16.763
 24     6.463 53041.78454947 24.47 236.572899  46.201067 16.763
 24     7.435 53041.78455011 24.73 236.571639  46.197817 16.763
 24     5.714 53041.78455076 31.55 236.570379  46.194577 16.763
 24     9.888 53041.78455140 36.70 236.569119  46.191327 16.763
 24     4.092 53041.78455205 39.28 236.567859  46.188077 16.763
 25     5.102 53076.78457602 19.39 236.575978  46.235174 17.217
 25     5.125 53076.78457667 19.39 236.574718  46.231924 17.217
 25     5.208 53076.78457731 19.27 236.573458  46.228674 17.217
 25     4.939 53076.78457796 19.89 236.572198  46.225424 17.217
 25     5.244 53076.78457860 19.31 236.570942  46.222173 12.140
 25     4.965 53076.78457925 22.97 236.569682  46.218923 12.140
 25     4.623 53076.78457989 26.00 236.568422  46.215673 12.140
 25     6.807 53076.78458054 26.02 236.567162  46.212423 12.140
 25     5.365 53076.78458118 20.74 236.565902  46.209173 12.140
 25     3.914 53076.78458182 21.01 236.564642  46.205923 12.140
 25     3.401 53076.78458247 18.73 236.563382  46.202673 12.140
 25     3.901 53076.78458311 30.93 236.562132  46.199423 12.140
 26     5.895 53111.78454810 21.59 236.578265  46.224145 18.569
 26     4.669 53111.78454875 21.62 236.577005  46.220895 18.569
 26     4.865 53111.78454939 20.88 236.575745  46.217645 18.569
 26     5.348 53111.78455003 20.34 236.574485  46.214395 18.569
 26     4.704 53111.78455068 21.60 236.573225  46.211145 18.569
 26     3.779 53111.78455132 23.60 236.571965  46.207895 18.569
 26     8.858 53111.78455197 21.28 236.570705  46.204645 18.569
 26     3.157 53111.78455261 21.66 236.569445  46.201395 18.569
 26     2.482 53111.78455326 22.12 236.568188  46.198144  5.951
 26     4.388 53111.78455390 21.00 236.566928  46.194894  5.951
 27     3.310 53146.78459063 22.60 236.577789  46.227861 21.275
 27     3.748 53146.78459128 21.38 236.576529  46.224611 21.275
 27     4.711 53146.78459192 23.20 236.575264  46.221359  9.108
 27     6.585 53146.78459256 23.76 236.574004  46.218109  9.108
 27     2.895 53146.78459321 24.74 236.572744  46.214859  9.108
 27     7.842 53146.78459385 20.95 236.571484  46.211609  9.108
 27     2.600 53146.78459450 20.33 236.570224  46.208359  9.108
 27     2.572 53146.78459514 18.39 236.568964  46.205109  9.108
 27     2.238 53146.78459579 19.57 236.567714  46.201859  9.108
 27     2.057 53146.78459643 19.17 236.566454  46.198609  9.108
 27     2.630 53146.78459708 17.53 236.565194  46.195359  9.108
 28     2.078 53181.78459664 25.92 236.582396  46.222420 19.281
 28     1.368 53181.78459729 24.37 236.581136  46.219168 11.081
 28     1.509 53181.78459793 24.29 236.579876  46.215918 11.081
 28     1.641 53181.78459858 25.55 236.578616  46.212668 11.081
 28     1.999 53181.78459922 25.88 236.577356  46.209418 11.081
 28     1.800 53181.78459986 26.64 236.576096  46.206168 11.081
 28     1.697 53181.78460051 25.74 236.574836  46.202918 11.081
 28     1.403 53181.78460115 24.00 236.573576  46.199668 11.081
 28     1.439 53181.78460180 22.57 236.572326  46.196418 11.081
 28     0.861 53181.78460244 20.66 236.571066  46.193168 11.081
 29     1.959 53216.78461962 20.43 236.576861  46.225095 20.139
 29     2.176 53216.78462027 18.99 236.575600  46.221843 10.039
 29     2.066 53216.78462091 19.79 236.574340  46.218593 10.039
 29     1.835 53216.78462156 20.00 236.573080  46.215343 10.039
 29     2.163 53216.78462220 20.72 236.571820  46.212093 10.039
 29     6.305 53216.78462285 19.20 236.570560  46.208843 10.039
 29     7.038 53216.78462349 17.87 236.569300  46.205593 10.039
 29     1.709 53216.78462414 20.70 236.568040  46.202343 10.039
 29     2.236 53216.78462478 20.34 236.566790  46.199093 10.039
 29     2.353 53216.78462543 18.94 236.565530  46.195843 10.039
 30     3.379 53251.78459574 21.65 236.573677  46.237368 24.339
 30     2.781 53251.78459639 18.71 236.572417  46.234118 24.339
 30     2.665 53251.78459703 18.07 236.571157  46.230868 24.339
 30     2.471 53251.78459767 19.20 236.569897  46.227628 24.339
 30     2.890 53251.78459832 24.88 236.568637  46.224378 24.339
 30     2.709 53251.78459896 26.31 236.567377  46.221128 24.339
 30     2.511 53251.78459961 29.50 236.566117  46.217878 24.339
 30     2.120 53251.78460025 34.75 236.564857  46.214628 24.339
 30     2.023 53251.78460090 36.62 236.563607  46.211378 24.339
 30     5.054 53251.78460154 30.68 236.562347  46.208128 24.339
 30     2.351 53251.78460219 23.27 236.561087  46.204878 24.339
 30     2.036 53251.78460283 22.12 236.559827  46.201628 24.339
 31     9.178 53286.78459314 28.20 236.578598  46.226312 19.485
 31     8.543 53286.78459378 28.28 236.577343  46.223063 12.892
 31     8.176 53286.78459443 28.96 236.576083  46.219813 12.892
 31     4.648 53286.78459507 28.27 236.574823  46.216563 12.892
 31     4.368 53286.78459572 29.66 236.573563  46.213313 12.892
 31     4.154 53286.78459636 29.38 236.572303  46.210063 12.892
 31     4.164 53286.78459701 33.54 236.571043  46.206813 12.892
 31     4.830 53286.78459765 30.67 236.569783  46.203563 12.892
 31     3.841 53286.78459829 31.32 236.568523  46.200313 12.892
 31     6.383 53286.78459894 30.08 236.567263  46.197063 12.892
 31     2.771 53286.78459958 28.33 236.566003  46.193823 12.892
 33     5.374 53356.78453747 21.85 236.579689  46.225042 21.968
 33     3.193 53356.78454069 20.06 236.573399  46.208789 10.806
 33     2.400 53356.78454133 22.37 236.572139  46.205539 10.806
 33     2.233 53356.78454198 20.08 236.570879  46.202289 10.806
 33     1.987 53356.78454262 20.65 236.569619  46.199039 10.806
 33     2.587 53356.78454327 19.09 236.568369  46.195789 10.806
 33     2.027 53356.78454391 18.11 236.567109  46.192539 10.806
 34     6.247 53391.78455152 22.76 236.582002  46.222326  9.233
 34     5.853 53391.78455217 21.22 236.580742  46.219076  9.233
 34     5.153 53391.78455475 20.75 236.575702  46.206076  9.233
 34     4.389 53391.78455539 21.59 236.574442  46.202826  9.233
 34     2.851 53391.78455604 22.49 236.573182  46.199576  9.233
 34     2.740 53391.78455668 20.69 236.571922  46.196326  9.233
 34     2.342 53391.78455733 21.01 236.570662  46.193086  9.233
 34     1.931 53391.78455797 22.00 236.569402  46.189836  9.233
 34     3.456 53391.78455862 18.25 236.568142  46.186586  9.233
 35     1.924 53426.78454688 29.67 236.580157  46.225442 20.225
 35     2.141 53426.78454752 30.26 236.578902  46.222190 18.778
 35     2.780 53426.78454817 28.92 236.577642  46.218940 18.778
 35     1.593 53426.78454881 28.07 236.576382  46.215690 18.778
 35     1.330 53426.78454946 27.97 236.575122  46.212440 18.778
 35     1.295 53426.78455010 27.87 236.573862  46.209190 18.778
 35     1.148 53426.78455075 29.72 236.572602  46.205940 18.778
 35     1.781 53426.78455139 30.71 236.571342  46.202690 18.778
 35     2.280 53426.78455203 31.43 236.570092  46.199440 18.778
 35     2.212 53426.78455268 35.43 236.568832  46.196190 18.778
 35     2.301 53426.78455332 38.74 236.567572  46.192940 18.778
 37     5.505 53496.78463507 19.87 236.575857  46.234348 18.295
 37     4.874 53496.78463571 17.98 236.574597  46.231098 18.295
 37     4.247 53496.78463636 18.25 236.573337  46.227848 18.295
 37     5.633 53496.78463700 18.15 236.572077  46.224598 18.295
 37     3.957 53496.78463765 19.01 236.570813  46.221345 14.269
 37     4.499 53496.78463829 18.93 236.569553  46.218095 14.269
 37     4.100 53496.78463894 20.72 236.568293  46.214845 14.269
 37     3.304 53496.78463958 22.88 236.567033  46.211595 14.269
 37     3.471 53496.78464023 26.76 236.565773  46.208345 14.269
 37     6.743 53496.78464087 21.71 236.564513  46.205095 14.269
 37     2.848 53496.78464152 20.59 236.563253  46.201845 14.269
 37     3.028 53496.78464216 30.34 236.562003  46.198595 14.269
 38     9.617 53531.78461613 23.80 236.580646  46.223204 22.231
 38     4.516 53531.78461677 22.56 236.579389  46.219951 17.236
 38     1.676 53531.78461806 27.82 236.576869  46.213451 17.236
 38     2.985 53531.78461871 23.50 236.575609  46.210201 17.236
 38     2.645 53531.78461935 22.52 236.574349  46.206951 17.236
 38     1.993 53531.78462000 25.58 236.573089  46.203701 17.236
 38     2.791 53531.78462064 26.12 236.571829  46.200451 17.236
 38     2.166 53531.78462129 31.68 236.570579  46.197211 17.236
 38     6.929 53531.78462193 34.40 236.569319  46.193961 17.236
 38     1.242 53531.78462258 33.17 236.568059  46.190711 17.236
 39     4.539 53566.78463708 17.95 236.575234  46.238608 18.117
 39     5.287 53566.78463772 16.24 236.573974  46.235358 18.117
 39     5.193 53566.78463836 16.62 236.572714  46.232108 18.117
 39     4.941 53566.78463901 16.09 236.571454  46.228858 18.117
 39     4.294 53566.78463965 16.16 236.570194  46.225608 18.117
 39     3.663 53566.78464030 16.60 236.568937  46.222357 12.020
 39     3.944 53566.78464094 18.47 236.567677  46.219107 12.020
 39     3.997 53566.78464159 18.15 236.566417  46.215857 12.020
 39     2.881 53566.78464223 23.36 236.565157  46.212607 12.020
 39     3.064 53566.78464288 24.24 236.563897  46.209357 12.020
 39     7.060 53566.78464352 23.42 236.562637  46.206107 12.020
 39     3.984 53566.78464417 20.36 236.561377  46.202857 12.020
 40     2.748 53601.78458318 22.30 236.576824  46.227862 16.729
 40     1.989 53601.78458383 22.77 236.575564  46.224612 16.729
 40     1.911 53601.78458447 25.84 236.574313  46.221358 13.059
 40     2.206 53601.78458512 26.82 236.573053  46.218108 13.059
 40     5.478 53601.78458576 25.98 236.571793  46.214858 13.059
 40     1.144 53601.78458641 25.66 236.570533  46.211608 13.059
 40     1.970 53601.78458705 23.22 236.569273  46.208358 13.059
 40     1.832 53601.78458769 23.28 236.568013  46.205108 13.059
 40     1.830 53601.78458834 23.87 236.566753  46.201858 13.059
 40     1.916 53601.78458898 22.91 236.565493  46.198608 13.059
 41     1.911 53636.78458117 44.29 236.579687  46.224503 16.298
 41     2.242 53636.78458181 44.24 236.578435  46.221253 20.956
 41     1.662 53636.78458246 44.96 236.577175  46.218003 20.956
 41     2.277 53636.78458310 41.77 236.575905  46.214753 20.956
 41     2.192 53636.78458375 39.74 236.574645  46.211503 20.956
 41     2.874 53636.78458439 37.72 236.573385  46.208253 20.956
 41     2.013 53636.78458504 35.71 236.572135  46.205003 20.956
 41     1.760 53636.78458568 31.53 236.570875  46.201753 20.956
 41     1.071 53636.78458633 28.45 236.569615  46.198503 20.956
 41     1.104 53636.78458697 27.58 236.568355  46.195253 20.956
 41     0.431 53636.78458762 27.94 236.567095  46.192003 20.956
 42     4.232 53671.78460134 21.76 236.575908  46.229709 20.012
 42     3.088 53671.78460198 21.18 236.574648  46.226459 20.012
 42     3.093 53671.78460262 19.57 236.573384  46.223209 11.618
 42     3.140 53671.78460327 19.06 236.572124  46.219959 11.618
 42     3.491 53671.78460391 18.35 236.570864  46.216709 11.618
 42     3.410 53671.78460456 19.32 236.569604  46.213459 11.618
 42     3.221 53671.78460520 18.90 236.568344  46.210209 11.618
 42     3.138 53671.78460585 20.95 236.567084  46.206959 11.618
 42     3.529 53671.78460649 20.10 236.565824  46.203709 11.618
 42     3.735 53671.78460714 20.77 236.564574  46.200459 11.618
 42     3.875 53671.78460778 24.45 236.563314  46.197209 11.618
 43     4.703 53706.78453422 37.06 236.580650  46.224361 26.641
 43     4.219 53706.78453486 36.19 236.579390  46.221111 26.641
 43     4.485 53706.78453551 40.46 236.578130  46.217861 26.641
 43     3.925 53706.78453615 39.01 236.576880  46.214611 26.641
 43     3.692 53706.78453680 38.38 236.575620  46.211361 26.641
 43     3.516 53706.78453744 40.25 236.574360  46.208111 26.641
 43     3.495 53706.78453809 34.84 236.573100  46.204861 26.641
 43     3.090 53706.78453873 40.05 236.571840  46.201621 26.641
 43     3.746 53706.78453938 38.59 236.570580  46.198371 26.641
 43     3.571 53706.78454002 35.48 236.569320  46.195121 26.641
 43     3.595 53706.78454067 33.28 236.568070  46.191871 26.641
 44     8.628 53741.78444538 23.45 236.575576  46.232081 19.478
 44     4.885 53741.78444602 23.41 236.574316  46.228831 19.478
 44     5.887 53741.78444667 22.55 236.573056  46.225581 19.478
 44     5.285 53741.78444731 23.62 236.571796  46.222327 10.983
 44     5.312 53741.78444796 25.16 236.570536  46.219077 10.983
 44     5.600 53741.78444860 25.24 236.569276  46.215827 10.983
 44     5.857 53741.78444925 25.60 236.568016  46.212577 10.983
 44     5.106 53741.78444989 27.72 236.566766  46.209327 10.983
 44     4.716 53741.78445053 27.72 236.565506  46.206077 10.983
 44     3.333 53741.78445118 27.50 236.564246  46.202827 10.983
 44     5.400 53741.78445182 27.37 236.562986  46.199577 10.983
 45    11.055 53776.78447109 20.85 236.584208  46.221663 15.453
 45     5.009 53776.78447173 17.88 236.582948  46.218413 15.453
 45     4.596 53776.78447367 30.02 236.579168  46.208663 15.453
 46     0.621 53811.78444778 29.35 236.576308  46.231710 18.766
 46     4.585 53811.78444843 24.60 236.575058  46.228460 18.766
 46     3.781 53811.78444907 24.93 236.573798  46.225210 18.766
 46     3.277 53811.78444972 27.05 236.572538  46.221960 18.766
 46     3.309 53811.78445036 27.20 236.571276  46.218705 10.991
 46     2.750 53811.78445101 27.39 236.570016  46.215455 10.991
 46     2.445 53811.78445165 29.45 236.568756  46.212205 10.991
 46     3.591 53811.78445230 27.69 236.567496  46.208955 10.991
 46     1.567 53811.78445294 29.06 236.566246  46.205705 10.991
 46     2.252 53811.78445358 28.47 236.564986  46.202455 10.991
 46     2.349 53811.78445423 28.66 236.563726  46.199215 10.991
 47     3.389 53846.78449919 23.19 236.580268  46.225744 23.299
 47     4.575 53846.78449984 18.69 236.579008  46.222494 23.299
 47     4.590 53846.78450048 17.31 236.577749  46.219244 11.337
 47     3.782 53846.78450113 18.08 236.576489  46.215994 11.337
 47     3.845 53846.78450177 18.61 236.575229  46.212744 11.337
 47     3.596 53846.78450242 18.86 236.573969  46.209494 11.337
 47     3.321 53846.78450306 18.79 236.572709  46.206244 11.337
 47     3.140 53846.78450371 20.52 236.571449  46.202994 11.337
 47     2.461 53846.78450435 19.15 236.570199  46.199744 11.337
 47     2.736 53846.78450499 20.23 236.568939  46.196494 11.337
 47     1.916 53846.78450564 19.29 236.567679  46.193244 11.337
 49     4.105 53916.78457981 24.27 236.575899  46.237822 18.218
 49     3.358 53916.78458046 25.31 236.574639  46.234572 18.218
 49     2.165 53916.78458110 21.50 236.573379  46.231322 18.218
 49     2.945 53916.78458175 20.16 236.572119  46.228072 18.218
 49     2.166 53916.78458239 22.79 236.570859  46.224822 18.218
 49     2.536 53916.78458304 26.68 236.569599  46.221572 18.218
 49     2.151 53916.78458368 29.15 236.568340  46.218319 13.903
 49     1.904 53916.78458433 31.40 236.567080  46.215069 13.903
 49     6.437 53916.78458497 26.41 236.565820  46.211819 13.903
 49     2.076 53916.78458562 26.47 236.564560  46.208569 13.903
 49     2.373 53916.78458626 21.68 236.563300  46.205319 13.903
 49     2.203 53916.78458691 19.89 236.562040  46.202069 13.903
 50     3.542 53951.78458575 15.11 236.573295  46.238130 19.545
 50     3.528 53951.78458639 15.83 236.572035  46.234880 19.545
 50     3.920 53951.78458704 15.68 236.570775  46.231630 19.545
 50     2.534 53951.78458768 16.32 236.569515  46.228380 19.545
 50     2.953 53951.78458833 16.32 236.568255  46.225130 19.545
 50     3.621 53951.78458897 18.49 236.566995  46.221880 19.545
 50     2.517 53951.78458962 20.25 236.565739  46.218627 16.841
 50     3.333 53951.78459026 20.50 236.564479  46.215377 16.841
 50     2.607 53951.78459091 38.42 236.563219  46.212127 16.841
 50     7.551 53951.78459155 34.56 236.561959  46.208877 16.841
 50     2.133 53951.78459220 25.19 236.560699  46.205627 16.841
 50     2.281 53951.78459284 23.50 236.559439  46.202377 16.841
 52     2.375 54021.78456624 20.53 236.582358  46.220777 15.773
 52     2.236 54021.78456689 18.81 236.581100  46.217526 12.827
 52     2.094 54021.78456753 20.06 236.579840  46.214276 12.827
 52     2.176 54021.78456818 20.76 236.578580  46.211026 12.827
 52     2.551 54021.78456882 20.84 236.577320  46.207776 12.827
 52     2.489 54021.78456947 21.01 236.576070  46.204526 12.827
 53     8.472 54056.78455871 23.53 236.585187  46.218787 15.875
 53     5.152 54056.78455935 21.62 236.583927  46.215537 15.875
 54     5.912 54091.78454081 22.62 236.576238  46.229574 20.047
 54     6.261 54091.78454146 19.25 236.574978  46.226324 20.047
 54     4.162 54091.78454210 18.32 236.573718  46.223074 20.047
 54     2.753 54091.78454275 18.50 236.572459  46.219821  9.375
 54     3.319 54091.78454339 17.68 236.571199  46.216571  9.375
 54     3.521 54091.78454404 18.60 236.569949  46.213321  9.375
 54     3.758 54091.78454468 18.77 236.568689  46.210071  9.375
 54     3.177 54091.78454533 18.89 236.567429  46.206821  9.375
 54     3.146 54091.78454597 19.24 236.566169  46.203571  9.375
 54     4.769 54091.78454662 21.52 236.564909  46.200321  9.375
 54     5.001 54091.78454726 22.96 236.563649  46.197071  9.375
 55     8.479 54126.78447517 18.91 236.583839  46.217962 15.683
 55     9.108 54126.78447581 18.10 236.582579  46.214712 15.683
 56     9.357 54161.78450938 22.89 236.577690  46.227986 23.227
 56     3.912 54161.78451002 19.25 236.576430  46.224736 23.227
 56     4.252 54161.78451067 17.76 236.575170  46.221486 23.227
 56     3.569 54161.78451131 18.69 236.573910  46.218236 23.227
 56     4.078 54161.78451195 18.62 236.572650  46.214986 23.227
 56     3.958 54161.78451260 21.40 236.571390  46.211736 23.227
 56     3.362 54161.78451324 20.28 236.570131  46.208485  7.253
 56     2.808 54161.78451389 18.81 236.568871  46.205235  7.253
 56     3.193 54161.78451453 18.16 236.567621  46.201985  7.253
 56     4.151 54161.78451518 19.23 236.566361  46.198735  7.253
 56     4.314 54161.78451582 18.62 236.565101  46.195485  7.253
 57     4.409 54196.78447656 24.98 236.582951  46.222881 18.716
 57     3.852 54196.78447720 23.33 236.581691  46.219631 18.716
 57     2.880 54196.78447785 24.93 236.580431  46.216381 18.716
 57     2.578 54196.78447849 28.31 236.579171  46.213131 18.716
 57     3.052 54196.78447914 28.85 236.577908  46.209880  9.700
 57     2.016 54196.78447978 28.76 236.576648  46.206630  9.700
 57     1.435 54196.78448043 28.03 236.575388  46.203380  9.700
 57     1.519 54196.78448107 25.26 236.574128  46.200130  9.700
 58     4.050 54231.78452312 19.04 236.579686  46.222100 21.867
 58     3.750 54231.78452376 18.35 236.578426  46.218850 21.867
 58     3.648 54231.78452441 18.69 236.577166  46.215600 21.867
 58     3.123 54231.78452505 19.30 236.575906  46.212350 21.867
 58     2.736 54231.78452570 19.60 236.574646  46.209100 21.867
 58     2.396 54231.78452634 20.62 236.573393  46.205846  7.725
 58     1.986 54231.78452699 19.12 236.572133  46.202596  7.725
 58     1.994 54231.78452763 20.03 236.570873  46.199346  7.725
 58     2.383 54231.78452828 19.09 236.569613  46.196096  7.725
 58     2.031 54231.78452892 18.66 236.568353  46.192846  7.725
 59     1.034 54266.78454059 32.52 236.579906  46.224260 19.269
 59     1.000 54266.78454124 32.85 236.578646  46.221010 19.269
 59     0.887 54266.78454188 32.93 236.577386  46.217760 19.269
 59     1.257 54266.78454253 33.23 236.576126  46.214510 19.269
 59     1.037 54266.78454317 33.14 236.574866  46.211260 19.269
 59     0.664 54266.78454381 32.46 236.573606  46.208010 19.269
 59     1.152 54266.78454446 32.57 236.572347  46.204757  9.872
 59     0.153 54266.78454510 37.81 236.571087  46.201507  9.872
 59     0.246 54266.78454575 40.13 236.569837  46.198257  9.872
 59     0.192 54266.78454639 40.42 236.568577  46.195007  9.872
 59     0.223 54266.78454704 42.32 236.567317  46.191757  9.872
 60     3.129 54301.78454545 24.54 236.579464  46.223546 19.202
 60     2.751 54301.78454609 25.89 236.578204  46.220296 19.202
 60     3.081 54301.78454673 26.28 236.576944  46.217046 19.202
 60     2.710 54301.78454738 27.71 236.575684  46.213796 19.202
 60     2.569 54301.78454802 28.53 236.574424  46.210546 19.202
 60     2.350 54301.78454867 28.15 236.573174  46.207294 12.691
 60     2.184 54301.78454931 30.18 236.571914  46.204044 12.691
 60     2.121 54301.78454996 29.17 236.570654  46.200794 12.691
 60     1.758 54301.78455060 30.06 236.569394  46.197544 12.691
 60     1.969 54301.78455125 29.66 236.568134  46.194294 12.691
 60     2.591 54301.78455189 29.09 236.566874  46.191044 12.691
 61     5.183 54336.78453203 18.37 236.577681  46.226798 16.286
 61     2.670 54336.78453268 17.66 236.576421  46.223548 16.286
 61     2.471 54336.78453332 16.84 236.575161  46.220298 16.286
 61     2.714 54336.78453396 16.68 236.573901  46.217048 16.286
 61     2.152 54336.78453461 18.00 236.572641  46.213798 16.286
 61     2.817 54336.78453525 18.29 236.571391  46.210548 16.286
 61     2.479 54336.78453590 16.72 236.570126  46.207294  7.617
 61     2.331 54336.78453654 17.59 236.568866  46.204044  7.617
 61     2.287 54336.78453719 20.77 236.567606  46.200794  7.617
 61     2.623 54336.78453783 22.27 236.566356  46.197544  7.617
 61     2.516 54336.78453848 17.09 236.565096  46.194294  7.617
 62     1.579 54371.78447833 24.38 236.582230  46.221249 18.145
 62     2.227 54371.78447898 23.77 236.580970  46.217999 18.145
 62     1.924 54371.78447962 21.86 236.579710  46.214749 18.145
 62     2.182 54371.78448027 21.49 236.578450  46.211499 18.145
 62     2.325 54371.78448091 23.34 236.577190  46.208249 18.145
 62     2.176 54371.78448156 23.19 236.575930  46.204999 18.145
 62     1.429 54371.78448220 22.86 236.574670  46.201759 18.145
 62     1.490 54371.78448285 22.21 236.573410  46.198509 18.145
 63     2.632 54406.78447745 22.16 236.576901  46.225224 17.649
 63     1.954 54406.78447809 23.81 236.575641  46.221974 17.649
 63     2.277 54406.78447874 23.71 236.574381  46.218724 17.649
 63     2.035 54406.78447938 25.26 236.573121  46.215474 17.649
 63     2.319 54406.78448003 25.49 236.571861  46.212224 17.649
 63     1.843 54406.78448067 25.11 236.570601  46.208974 17.649
 63     2.285 54406.78448131 23.52 236.569345  46.205721  7.598
 63     1.642 54406.78448196 24.29 236.568085  46.202471  7.598
 63     1.384 54406.78448260 24.73 236.566825  46.199221  7.598
 63     1.146 54406.78448325 23.68 236.565575  46.195971  7.598
 65     4.566 54476.78446566 25.09 236.580408  46.224515 22.744
 65     3.796 54476.78446630 23.47 236.579148  46.221265 22.744
 65     3.848 54476.78446695 23.08 236.577888  46.218015 22.744
 65     3.253 54476.78446759 23.96 236.576628  46.214765 22.744
 65     2.556 54476.78446823 25.53 236.575368  46.211515 22.744
 65     2.797 54476.78446888 26.02 236.574108  46.208265 22.744
 65     2.400 54476.78446952 26.69 236.572858  46.205013  8.212
 65     3.039 54476.78447017 25.81 236.571598  46.201763  8.212
 65     1.917 54476.78447081 26.05 236.570338  46.198513  8.212
 65     2.005 54476.78447146 24.86 236.569078  46.195263  8.212
 65     2.735 54476.78447210 24.00 236.567818  46.192013  8.212
 66     1.258 54511.78445353 29.55 236.583610  46.218971 21.449
 66     5.521 54511.78445418 21.13 236.582350  46.215722 11.104
 67     7.624 54546.78447964 19.67 236.577215  46.225004 19.649
 67     7.848 54546.78448029 19.57 236.575955  46.221754 19.649
 67     7.740 54546.78448093 18.15 236.574695  46.218504 19.649
 67     8.353 54546.78448158 18.34 236.573443  46.215251  6.839
 67     9.547 54546.78448222 18.06 236.572183  46.212001  6.839
 67     4.837 54546.78448287 20.53 236.570923  46.208751  6.839
 67     5.267 54546.78448351 20.35 236.569663  46.205501  6.839
 67     4.316 54546.78448416 19.70 236.568403  46.202251  6.839
 67     7.162 54546.78448480 19.50 236.567143  46.199001  6.839
 67     3.266 54546.78448545 20.94 236.565883  46.195751  6.839
 68     7.615 54581.78444802 28.09 236.581120  46.223627 20.402
 68     9.354 54581.78444866 27.72 236.579860  46.220377 20.402
 68     7.290 54581.78444931 28.74 236.578600  46.217127 20.402
 68     7.766 54581.78444995 31.48 236.577340  46.213877 20.402
 68     8.072 54581.78445060 28.74 236.576084  46.210624 10.490
 68     3.835 54581.78445124 29.96 236.574824  46.207374 10.490
 68     4.593 54581.78445189 30.10 236.573564  46.204124 10.490
 68     4.886 54581.78445253 28.49 236.572304  46.200874 10.490
 68     4.059 54581.78445317 26.76 236.571044  46.197624 10.490
 68     3.354 54581.78445382 25.65 236.569784  46.194374 10.490
 68     3.391 54581.78445446 24.60 236.568524  46.191124 10.490
 69     2.589 54616.78446943 22.17 236.579819  46.223629 16.771
 69     2.725 54616.78447008 19.76 236.578559  46.220379 16.771
 69     2.541 54616.78447072 19.52 236.577299  46.217129 16.771
 69     3.085 54616.78447137 19.45 236.576039  46.213889 16.771
 69     2.731 54616.78447201 19.63 236.574779  46.210639 16.771
 69     3.875 54616.78447266 19.60 236.573519  46.207389 16.771
 69     2.340 54616.78447330 20.81 236.572259  46.204139 16.771
 69     2.872 54616.78447395 21.30 236.570999  46.200889 16.771
 69     2.542 54616.78447459 20.86 236.569749  46.197639 16.771
 69     2.208 54616.78447524 19.44 236.568489  46.194389 16.771
 69     2.284 54616.78447588 19.25 236.567229  46.191139 16.771
 70     3.395 54651.78448179 20.34 236.578122  46.225740 17.565
 70     1.701 54651.78448244 21.96 236.576862  46.222490 17.565
 70     2.033 54651.78448308 21.91 236.575602  46.219240 17.565
 70     2.330 54651.78448373 24.84 236.574344  46.215989  9.149
 70     4.557 54651.78448437 23.81 236.573084  46.212739  9.149
 70     1.652 54651.78448502 21.46 236.571824  46.209489  9.149
 70     2.191 54651.78448566 19.68 236.570564  46.206239  9.149
 70     2.134 54651.78448631 20.87 236.569304  46.202989  9.149
 70     2.126 54651.78448695 20.55 236.568044  46.199739  9.149
 70     2.238 54651.78448760 20.60 236.566784  46.196489  9.149
 71     2.081 54686.78447315 23.84 236.576383  46.226289 14.678
 71     2.377 54686.78447380 21.83 236.575123  46.223039 14.678
 71     2.255 54686.78447444 21.13 236.573863  46.219789 14.678
 71     2.253 54686.78447509 22.51 236.572603  46.216539 14.678
 71     2.071 54686.78447573 22.03 236.571344  46.213285 12.072
 71     2.280 54686.78447638 23.40 236.570094  46.210035 12.072
 71     2.296 54686.78447702 23.02 236.568834  46.206785 12.072
 71     1.901 54686.78447767 23.27 236.567574  46.203535 12.072
 71     1.860 54686.78447831 24.44 236.566314  46.200285 12.072
 71     1.859 54686.78447896 26.50 236.565054  46.197035 12.072
 72     2.587 54721.78442866 19.08 236.584217  46.218979 16.027
 72     2.433 54721.78442930 21.40 236.582957  46.215729 16.027
 72     3.716 54721.78442995 18.92 236.581698  46.212479 14.243
 73     2.200 54756.78444854 35.69 236.578307  46.226118 20.636
 73     2.013 54756.78444918 40.47 236.577047  46.222868 20.636
 73     1.878 54756.78444983 40.25 236.575787  46.219618 20.636
 73     2.361 54756.78445047 35.15 236.574531  46.216368 17.369
 73     1.876 54756.78445112 36.21 236.573271  46.213118 17.369
 73     2.177 54756.78445176 37.29 236.572011  46.209868 17.369
 73     2.487 54756.78445241 40.75 236.570751  46.206618 17.369
 73     2.244 54756.78445305 44.06 236.569491  46.203368 17.369
 73     2.251 54756.78445370 42.18 236.568231  46.200118 17.369
 73     2.375 54756.78445434 42.09 236.566971  46.196868 17.369
 73     2.195 54756.78445498 40.20 236.565721  46.193618 17.369
 74     4.407 54791.78442168 23.64 236.583528  46.223025 13.377
 74     3.528 54791.78442233 21.77 236.582268  46.219775 13.377
 74     3.744 54791.78442297 20.59 236.581016  46.216526 13.311
 74     4.242 54791.78442361 20.84 236.579756  46.213276 13.311
 74     4.011 54791.78442426 25.09 236.578486  46.210026 13.311
 74     3.737 54791.78442490 23.87 236.577236  46.206776 13.311
 75     4.920 54826.78444597 39.72 236.580248  46.223350 18.004
 75     4.124 54826.78444661 41.63 236.578988  46.220100 18.004
 75     3.506 54826.78444726 39.33 236.577728  46.216850 18.004
 75     3.348 54826.78444790 39.02 236.576468  46.213600 18.004
 75     3.731 54826.78444854 36.81 236.575211  46.210348  9.633
 75     3.264 54826.78444919 36.97 236.573951  46.207098  9.633
 75     3.791 54826.78444983 31.27 236.572691  46.203848  9.633
 75     2.518 54826.78445048 23.79 236.571431  46.200598  9.633
 75     2.328 54826.78445112 23.05 236.570171  46.197348  9.633
 75     1.913 54826.78445177 22.35 236.568911  46.194098  9.633
 75     1.524 54826.78445241 21.93 236.567651  46.190848  9.633
 76     3.963 54861.78441598 24.92 236.582878  46.219643 22.566
 76     3.441 54861.78441663 24.42 236.581618  46.216393 22.566
 76     3.604 54861.78441727 26.57 236.580352  46.213144 20.643
 76     1.510 54861.78441792 25.79 236.579092  46.209894 20.643
 76     3.267 54861.78441856 27.94 236.577832  46.206644 20.643
 77     4.194 54896.78444623 23.29 236.576308  46.226599 19.271
 77     3.652 54896.78444688 22.52 236.575048  46.223349 19.271
 77     3.812 54896.78444752 21.62 236.573788  46.220099 19.271
 77     3.168 54896.78444816 21.88 236.572535  46.216848  9.659
 77     3.094 54896.78444881 21.84 236.571275  46.213598  9.659
 77     4.075 54896.78444945 21.76 236.570015  46.210348  9.659
 77     2.959 54896.78445010 22.90 236.568755  46.207098  9.659
 77     3.336 54896.78445074 22.64 236.567495  46.203848  9.659
 77     3.923 54896.78445139 22.04 236.566235  46.200598  9.659
 77     4.741 54896.78445203 20.82 236.564975  46.197348  9.659
 78     4.068 54931.78441194 23.29 236.580728  46.221938 18.669
 78     4.132 54931.78441258 22.77 236.579468  46.218688 18.669
 78     4.225 54931.78441323 23.71 236.578208  46.215438 18.669
 78     3.003 54931.78441387 24.16 236.576945  46.212186  7.923
 78     2.711 54931.78441452 26.25 236.575685  46.208936  7.923
 78     1.814 54931.78441516 25.22 236.574425  46.205686  7.923
 78     1.376 54931.78441581 25.30 236.573165  46.202436  7.923
 78     1.773 54931.78441645 24.10 236.571905  46.199186  7.923
 78     4.578 54931.78441710 22.09 236.570645  46.195936  7.923
 78     1.694 54931.78441774 22.90 236.569395  46.192686  7.923
 78     1.571 54931.78441839 21.67 236.568135  46.189436  7.923
 79     4.117 54966.78444675 24.09 236.578865  46.224675 18.593
 79     3.697 54966.78444739 24.95 236.577605  46.221425 18.593
 79     4.196 54966.78444804 26.32 236.576345  46.218175 18.593
 79     3.804 54966.78444868 27.24 236.575085  46.214925 18.593
 79     3.688 54966.78444932 28.40 236.573830  46.211672 14.137
 79     3.743 54966.78444997 28.73 236.572570  46.208422 14.137
 79     3.247 54966.78445061 29.80 236.571310  46.205172 14.137
 79     2.997 54966.78445126 31.99 236.570050  46.201922 14.137
 79     2.452 54966.78445190 33.03 236.568790  46.198672 14.137
 79     2.500 54966.78445255 32.07 236.567530  46.195422 14.137
 79     2.011 54966.78445319 34.52 236.566270  46.192172 14.137
 80     9.413 55001.78446641 18.60 236.577494  46.228120 22.404
 80     4.480 55001.78446705 17.47 236.576234  46.224870 22.404
 80     5.479 55001.78446769 16.18 236.574974  46.221620 22.404
 80     4.184 55001.78446834 17.28 236.573714  46.218370 22.404
 80     5.058 55001.78446898 16.74 236.572457  46.215119  9.504
 80     7.944 55001.78446963 16.27 236.571197  46.211869  9.504
 80     3.366 55001.78447027 18.71 236.569937  46.208619  9.504
 80     3.500 55001.78447092 18.44 236.568677  46.205369  9.504
 80     3.763 55001.78447156 17.90 236.567417  46.202119  9.504
 80     3.878 55001.78447221 22.50 236.566157  46.198869  9.504
 80     6.758 55001.78447285 23.74 236.564897  46.195619  9.504
 81     1.571 55036.78445303 29.49 236.580336  46.224378 21.441
 81     1.135 55036.78445367 30.36 236.579076  46.221128 21.441
 81     1.286 55036.78445432 29.59 236.577816  46.217878 21.441
 81     1.803 55036.78445496 28.61 236.576559  46.214625 10.119
 81     1.515 55036.78445561 26.99 236.575299  46.211375 10.119
 81     1.174 55036.78445625 25.47 236.574039  46.208125 10.119
 81     0.971 55036.78445690 23.62 236.572779  46.204875 10.119
 81     0.777 55036.78445754 21.38 236.571519  46.201625 10.119
 81     0.977 55036.78445819 21.95 236.570259  46.198375 10.119
 81     1.236 55036.78445883 20.42 236.568999  46.195125 10.119
 81     1.419 55036.78445948 18.92 236.567739  46.191875 10.119
 82     2.420 55071.78444022 21.46 236.576076  46.227014 14.922
 82     1.652 55071.78444086 22.21 236.574816  46.223764 14.922
 82     1.681 55071.78444151 22.64 236.573556  46.220514 14.922
 82     1.954 55071.78444215 23.33 236.572296  46.217264 14.922
 82     1.943 55071.78444280 23.74 236.571036  46.214014 14.922
 82     2.027 55071.78444344 23.45 236.569780  46.210760  7.209
 82     2.267 55071.78444409 23.47 236.568520  46.207510  7.209
 82     2.375 55071.78444473 25.39 236.567260  46.204260  7.209
 82     2.093 55071.78444538 24.36 236.566010  46.201010  7.209
 82     2.525 55071.78444602 22.93 236.564750  46.197760  7.209
 83     3.141 55106.78438602 17.91 236.581847  46.220535 14.710
 83     2.296 55106.78438667 18.59 236.580587  46.217285 14.710
 83     2.318 55106.78438731 19.89 236.579321  46.214036  9.345
 83     2.867 55106.78438796 19.74 236.578061  46.210786  9.345
 83     2.699 55106.78438860 20.09 236.576801  46.207536  9.345
 83     2.013 55106.78438924 19.98 236.575541  46.204286  9.345
 83     1.887 55106.78438989 19.51 236.574281  46.201036  9.345
 83     1.364 55106.78439053 21.93 236.573031  46.197786  9.345
 83     2.657 55106.78439118 19.23 236.571771  46.194536  9.345
 84     7.155 55141.78439085 18.39 236.577288  46.226624 16.367
 84     7.477 55141.78439150 16.07 236.576028  46.223374 16.367
 84     7.400 55141.78439214 16.47 236.574768  46.220124 16.367
 84     7.665 55141.78439279 16.49 236.573514  46.216873 13.502
 84     8.791 55141.78439343 17.25 236.572254  46.213623 13.502
 84     8.789 55141.78439408 17.96 236.570994  46.210373 13.502
 84     5.485 55141.78439472 20.89 236.569734  46.207123 13.502
 84     7.836 55141.78439537 23.36 236.568474  46.203873 13.502
 84     5.856 55141.78439601 34.05 236.567214  46.200623 13.502
 84     9.081 55141.78439666 38.42 236.565954  46.197373 13.502
 85     9.926 55176.78435601 28.57 236.584650  46.218840 22.434
 85     4.834 55176.78435665 21.94 236.583398  46.215590 13.913
 86     5.826 55211.78438569 19.20 236.578805  46.224680 20.671
 86     6.485 55211.78438634 18.94 236.577545  46.221430 20.671
 86     7.678 55211.78438698 19.48 236.576285  46.218180 20.671
 86     5.863 55211.78438763 19.49 236.575029  46.214929  9.558
 86     6.351 55211.78438827 19.83 236.573769  46.211679  9.558
 86     5.390 55211.78438892 20.66 236.572509  46.208429  9.558
 86     5.465 55211.78438956 21.71 236.571249  46.205179  9.558
 86     5.548 55211.78439021 21.64 236.569989  46.201929  9.558
 86     6.277 55211.78439085 20.58 236.568729  46.198679  9.558
 86     6.304 55211.78439149 21.03 236.567469  46.195429  9.558
 86     5.990 55211.78439214 22.04 236.566219  46.192179  9.558
 87     4.774 55246.78435896 22.16 236.582062  46.222979 18.043
 87     3.596 55246.78435960 20.15 236.580802  46.219729 18.043
 87     3.338 55246.78436089 20.49 236.578276  46.213230 10.371
 87     3.087 55246.78436154 20.56 236.577016  46.209980 10.371
 87     1.944 55246.78436218 24.29 236.575756  46.206730 10.371
 87     2.615 55246.78436283 23.45 236.574496  46.203480 10.371
 87     2.012 55246.78436347 23.16 236.573236  46.200230 10.371
 87     1.499 55246.78436412 23.16 236.571986  46.196980 10.371
 87     2.096 55246.78436476 20.18 236.570726  46.193730 10.371
 87     1.951 55246.78436540 18.89 236.569466  46.190480 10.371
 87     3.378 55246.78436605 19.12 236.568206  46.187230 10.371
 88     8.928 55281.78437868 22.07 236.577039  46.228169 22.219
 88     5.245 55281.78437932 19.47 236.575779  46.224919 22.219
 88     4.861 55281.78438061 19.47 236.573259  46.218419 22.219
 88     4.661 55281.78438126 19.07 236.572007  46.215165  8.895
 88     4.687 55281.78438190 19.74 236.570747  46.211915  8.895
 88     4.750 55281.78438255 19.55 236.569487  46.208665  8.895
 88     3.907 55281.78438319 19.88 236.568227  46.205415  8.895
 88     3.682 55281.78438384 20.51 236.566967  46.202165  8.895
 88     4.875 55281.78438448 20.80 236.565707  46.198915  8.895
 88     3.882 55281.78438513 21.35 236.564447  46.195665  8.895
 89     3.675 55316.78434693 24.45 236.577943  46.225046 23.447
 89     3.653 55316.78434758 24.48 236.576683  46.221796 23.447
 89     3.526 55316.78434822 24.37 236.575423  46.218546 23.447
 89     3.328 55316.78434887 25.82 236.574163  46.215296 23.447
 89     2.269 55316.78434951 25.23 236.572908  46.212042  9.862
 89     2.021 55316.78435016 21.69 236.571648  46.208792  9.862
 89     1.713 55316.78435080 20.71 236.570388  46.205542  9.862
 89     2.122 55316.78435145 19.89 236.569128  46.202292  9.862
 89     2.663 55316.78435209 20.42 236.567868  46.199042  9.862
 89     2.963 55316.78435273 19.36 236.566608  46.195792  9.862
 90     4.187 55351.78435090 20.05 236.577872  46.227421 22.008
 90     3.861 55351.78435154 18.31 236.576612  46.224171 22.008
 90     3.783 55351.78435218 18.84 236.575352  46.220921 22.008
 90     3.468 55351.78435283 19.02 236.574092  46.217671 22.008
 90     2.978 55351.78435347 18.61 236.572841  46.214419 10.337
 90     2.928 55351.78435412 20.00 236.571581  46.211169 10.337
 90     3.158 55351.78435476 20.17 236.570321  46.207919 10.337
 90     2.994 55351.78435541 19.85 236.569061  46.204669 10.337
 90     2.869 55351.78435605 20.35 236.567801  46.201419 10.337
 90     3.410 55351.78435670 19.12 236.566541  46.198169 10.337
 90     3.353 55351.78435734 19.85 236.565281  46.194919 10.337
 91     2.529 55386.78434739 19.17 236.581087  46.221414 17.130
 91     2.253 55386.78434803 16.79 236.579827  46.218164 17.130
 91     1.875 55386.78434867 17.35 236.578570  46.214914 10.145
 91     2.296 55386.78434932 17.10 236.577310  46.211664 10.145
 91     2.650 55386.78434996 18.04 236.576050  46.208414 10.145
 91     2.131 55386.78435061 18.52 236.574790  46.205164 10.145
 91     2.153 55386.78435125 19.66 236.573530  46.201914 10.145
 91     1.877 55386.78435190 21.40 236.572270  46.198664 10.145
 91     2.390 55386.78435254 19.14 236.571020  46.195414 10.145
 91     1.986 55386.78435319 16.79 236.569760  46.192164 10.145
 91     1.466 55386.78435383 17.59 236.568500  46.188914 10.145
 92     2.003 55421.78436913 26.42 236.579970  46.225386 18.109
 92     2.082 55421.78436978 27.56 236.578710  46.222136 18.109
 92     1.324 55421.78437042 27.88 236.577450  46.218886 18.109
 92     1.556 55421.78437107 27.35 236.576190  46.215636 18.109
 92     1.881 55421.78437171 29.21 236.574935  46.212383 12.901
 92     1.091 55421.78437236 24.33 236.573675  46.209133 12.901
 92     1.035 55421.78437300 24.41 236.572415  46.205883 12.901
 92     1.370 55421.78437365 22.19 236.571155  46.202633 12.901
 92     1.240 55421.78437429 22.69 236.569895  46.199383 12.901
 92     1.718 55421.78437493 23.11 236.568635  46.196133 12.901
 92     1.656 55421.78437558 22.53 236.567375  46.192883 12.901
 93     4.518 55456.78434363 17.39 236.575893  46.226260 17.995
 93     3.979 55456.78434428 15.47 236.574633  46.223010 17.995
 93     3.883 55456.78434492 16.33 236.573373  46.219760 17.995
 93     3.170 55456.78434557 17.87 236.572113  46.216510 17.995
 93     3.795 55456.78434621 16.69 236.570857  46.213257  9.004
 93     3.408 55456.78434686 18.21 236.569597  46.210007  9.004
 93     3.836 55456.78434750 16.78 236.568347  46.206757  9.004
 93     3.289 55456.78434815 16.95 236.567087  46.203507  9.004
 93     3.371 55456.78434879 18.69 236.565827  46.200257  9.004
 93     3.304 55456.78434944 24.18 236.564567  46.197007  9.004
